TimeStamp(s),Time,TC_A1_0p03_BC,TC_A1_0p30_BC,TC_A1_0p61_BC,TC_A1_0p91_BC,TC_A1_1p22_BC,TC_A1_1p52_BC,TC_A1_1p83_BC,TC_A1_2p13_BC,TC_A2_0p03_BC,TC_A2_0p30_BC,TC_A2_0p61_BC,TC_A2_0p91_BC,TC_A2_1p22_BC,TC_A2_1p52_BC,TC_A2_1p83_BC,TC_A2_2p13_BC,TC_A3_0p03_BC,TC_A3_0p30_BC,TC_A3_0p61_BC,TC_A3_0p91_BC,TC_A3_1p22_BC,TC_A3_1p52_BC,TC_A3_1p83_BC,TC_A3_2p13_BC,TC_A4_0p03_BC,TC_A4_0p30_BC,TC_A4_0p61_BC,TC_A4_0p91_BC,TC_A4_1p22_BC,TC_A4_1p52_BC,TC_A4_1p83_BC,TC_A4_2p13_BC,TC_A5_0p03_BC,TC_A5_0p30_BC,TC_A5_0p61_BC,TC_A5_0p91_BC,TC_A5_1p22_BC,TC_A5_1p52_BC,TC_A5_1p83_BC,TC_A5_2p13_BC,TC_A6_0p30_BS,TC_A6_0p60_BS,TC_A6_0p90_BS,TC_A6_1p20_BS,TC_A6_1p50_BS,TC_A6_1p80_BS,TC_A7_0p08_BS,TC_A7_0p34_BS,TC_A7_0p61_BS,TC_A7_0p88_BS,TC_A7_1p15_BS,TC_A7_1p42_BS,TC_A7_1p68_BS,TC_A7_1p95_BS,TC_A8_0p08_BS,TC_A8_0p34_BS,TC_A8_0p61_BS,TC_A8_0p88_BS,TC_A8_1p15_BS,TC_A8_1p42_BS,TC_A8_1p68_BS,TC_A8_1p95_BS,TC_A9_0p08_BS,TC_A9_0p34_BS,TC_A9_0p61_BS,TC_A9_0p88_BS,TC_A9_1p15_BS,TC_A9_1p42_BS,TC_A9_1p68_BS,TC_A9_1p95_BS,TC_A10_NXNY,TC_A10_NXPY,TC_A10_CEN,TC_A10_PXNY,TC_A10_PXPY,TC_Ignition,BDP_A6_0p30_BS,BDP_A6_0p60_BS,BDP_A6_0p90_BS,BDP_A6_1p20_BS,BDP_A6_1p50_BS,BDP_A6_1p80_BS,BDP_A7_0p08_BS,BDP_A7_0p34_BS,BDP_A7_0p61_BS,BDP_A7_0p88_BS,BDP_A7_1p15_BS,BDP_A7_1p42_BS,BDP_A7_1p68_BS,BDP_A7_1p95_BS,BDP_A8_0p08_BS,BDP_A8_0p34_BS,BDP_A8_0p61_BS,BDP_A8_0p88_BS,BDP_A8_1p15_BS,BDP_A8_1p42_BS,BDP_A8_1p68_BS,BDP_A8_1p95_BS,BDP_A9_0p08_BS,BDP_A9_0p34_BS,BDP_A9_0p61_BS,BDP_A9_0p88_BS,BDP_A9_1p15_BS,BDP_A9_1p42_BS,BDP_A9_1p68_BS,BDP_A9_1p95_BS,BDP_A10_NXNY,BDP_A10_NXPY,BDP_A10_CEN,BDP_A10_PXNY,BDP_A10_PXPY,HF_A1_0p15_AF,RAD_A1_0p15_AF,HF_A2_0p15_AF,RAD_A2_0p15_AF,HF_A3_0p15_AF,RAD_A3_0p15_AF,HF_A4_0p15_AF,RAD_A4_0p15_AF,HF_A5_0p15_AF,RAD_A5_0p15_AF,CO_1,CO2_1,O2_1,CO_2,CO2_2,O2_2,HOSE_P1_1p5_in,HOSE_P2_1p5_in,HOSE_P1_2p5_in,HOSE_P2_2p5_in,Marker_Button
4/23/2014 2:52:16.575 PM,0,3316.88145498580161,3320.85801449699556,3321.22407071726911,3319.29323518441879,3318.27555142208848,3319.84640270718864,3319.93864266365517,3319.93872352255675,3320.67382052730636,3317.16073669740672,3318.73882125516002,3317.99751061650522,3319.29323525203653,3318.55356755995035,3318.83120557087795,3318.73863116858774,3317.44010763585947,3321.04098033800346,3320.21477526991202,3319.10853996658306,3320.21466001980525,3319.01614265334819,3320.39826897132434,3320.30658761832137,3321.22407071726911,3320.12269331834613,3320.67420837807776,3319.84657608121779,3319.93850120915067,3319.38551829202879,3318.55361372398783,3319.66221580778983,3320.2138094064494,3320.3976837857549,3320.30571718819646,3320.85674440402499,3321.22361683774806,3320.21391036121804,3320.39773562431719,3321.22330724896801,3318.73799692099555,3320.4895133086743,3321.77205792501354,3320.76469532399824,3320.48965721043168,3319.66138010726945,18.031011363273695,18.0117430818445001,17.6884328403837045,18.1302549186572115,18.1243302738444889,17.8818934760677948,17.6821826781138398,17.9394125237839077,16.3819530407784839,16.4661077497859587,16.3695292456375441,16.6708422875210864,16.6500072413281437,16.6268566951809262,16.5925571600437784,16.8828187649952781,17.5584462313815628,17.4882776147963383,17.3119409486551312,17.3748841376003575,17.4205617226531792,17.3795354269321187,17.3431485746973308,17.4666487905612122,3321.24454887894216,3321.70155946119757,3320.60289081909059,3322.24924545905378,3320.32722240635985,3320.41911939824285,5.00043335976624448,4.99987082841716201,0.623429944201834285,-5.00016405096516614,4.99982397048368288,4.99982397873487372,-0.00247005911271357907,-0.00232921074425363698,-0.00246663784044564606,-0.00240501529404411277,-0.00286697387695312479,-0.0021972637177854683,-0.00276575486455029771,-0.00266544297183263701,-0.00266825091807633722,-0.00263000427724350205,-0.00249021835101811235,-0.00268533895937995678,-0.00265133888111942747,-0.00275464572558088662,-0.00236973939090972998,-0.00257446080193138608,-0.00303506447718980294,-0.00290578068472171222,-0.00234900561966746918,-0.00227874757767081333,-0.00292234022086455131,-0.00261926163394761305,-0.00242823668039191193,-0.00238736981201362634,-4.66148816896950535,5.00029275891706071,-5.00091408392384196,-5.00065637306995114,4.99991771110885352,-0.00000901702986760246262,0.0000284568835726113811,0.0000109763683414611204,0.0000361489227605761408,0.0000212372506290438487,-0.00000392955887406666841,0.000123505625879043597,-0.0000269854501438084247,0.0000323328585463608168,-0.0000199437316457871228,-5.00063279766880519,-5.00154709255989171,5.00055064035444196,4.99935526994195722,4.99961300082820248,5.00076156385513926,5.00005834824183814,4.99954267101613503,-3.77372926488797411,5.00008178710937478,-0.00300052808854895043
4/23/2014 2:52:17.575 PM,1,3316.8826142154794,3320.85915296281928,3321.22520723596881,3319.29438190475866,3318.27670345201113,3319.84754652211358,3319.93978599276761,3319.93986685124309,3320.67495997056585,3317.16189449148942,3318.739970873743,3317.99866408911066,3319.29438197237595,3318.55471814392285,3318.83235470746285,3318.73978078816208,3317.44126399052311,3321.0421178313677,3320.21591714237865,3319.10968765395091,3320.21580189288033,3319.01729082392012,3320.39940987391764,3320.30772900569627,3321.22520723596881,3320.12383567694405,3320.67534781928088,3319.84771989523051,3319.93964453900844,3319.38666452862162,3318.55476430771978,3319.66336059165041,3320.21469104836933,3320.39856467727304,3320.30659845518403,3320.85762341689633,3321.2244943438759,3320.21479200272597,3320.39861651562387,3321.22418475636959,3318.73888454318421,3320.49039382498631,3321.77293316973828,3320.76557471416526,3320.4905377261557,3319.66226399657216,18.0265873723362873,18.0013822896031499,17.6783755803813349,18.124460710742909,16.997893333169948,17.8701656711424093,17.668173408636072,17.9241176712004559,16.3656499289481516,16.4610684629550192,16.3395113834695564,16.6652720764773434,16.6401696370798291,16.6090227005191053,16.5798986100656549,16.8609557302442674,17.5469501039071254,17.4857614009622146,17.2964825868188967,17.3658226857687126,17.4196430842713461,17.361566228938603,17.3267812108957067,17.459643285774991,3321.24525780092517,3321.7022668609934,3320.60360186812795,3322.24995102665025,3320.32793436560905,3320.41983105430335,5.00043335976624448,4.99987082841716201,0.621596839210662,-5.00016405096516614,4.99982397048368288,4.99982397873487372,-0.00246777024070876649,-0.00232127580199071844,-0.00246343334453177519,-0.00240181072301958766,-0.002857208251953125,-0.00218994001398339173,-0.0027550752140324021,-0.00266651121225143593,-0.00266428316794936919,-0.00262512157918173795,-0.00249433880350361783,-0.002691748101429007,-0.00265027071581480384,-0.00275495091566792206,-0.00237172261515149153,-0.00256881465298341299,-0.00304681457094639488,-0.00289219813406887093,-0.00234671658671125423,-0.00229416184479902486,-0.0029266127819402017,-0.00262597502909951664,-0.00242091177493202478,-0.00238767501640778845,-4.66509744652542224,5.00029275891706071,-5.00091408392384196,-5.00065637306995114,4.99991771110885352,0.00000501302286866539908,0.0000374212672038055293,0.0000275271626574759987,0.0000468311239494157331,0.000028305141945112986,-0.00000585010026476928402,0.0000794237258751367466,-0.0000301208791852940281,0.0000333216589776242942,-0.000020755270978474804,-5.00063279766880519,-5.00154709255989171,5.00055064035444196,4.99935526994195722,4.99961300082820248,5.00076156385513926,5.00005834824183814,4.99954267101613503,-3.77652149240074708,5.00008178710937478,-0.00296360095353797367
4/23/2014 2:52:18.575 PM,2,3316.88313089900793,3320.85966039144978,3321.22571379672399,3319.29489301260537,3318.27721692645309,3319.84805633495443,3319.9402955890705,3319.94037644735635,3320.67546783486022,3317.16241053514204,3318.74048327339869,3317.99917820658811,3319.29489308022266,3318.55523097387367,3318.8328668922818,3318.74029318825978,3317.44177939259589,3321.04262482655167,3320.21642608942329,3319.11019919282307,3320.21631084019645,3319.01780257816608,3320.39991838866899,3320.30823773652537,3321.22571379672399,3320.12434484066807,3320.67585568265894,3319.84822970766436,3319.94015413564375,3319.38717542085169,3318.55527713756373,3319.66387083636618,3320.21501758467911,3320.39889093566671,3320.30692485263489,3320.85794897952018,3321.22481934846746,3320.21511853888341,3320.39894277393887,3321.22450976143227,3318.73921329432687,3320.4907199444201,3321.77325733680345,3320.76590041652298,3320.49086384537122,3319.66259136521512,18.0238223366652512,17.9889531965542737,17.6695216626183011,18.11196020420536,17.0178420342636549,17.8618466286226969,17.6612999410658702,17.9143585473527089,16.3630339594076943,16.4493144634074824,16.326613734526461,16.6522278437847966,16.6316128087252544,16.6016841249101681,16.5766716450476004,16.8526294503258747,17.5408779464589486,17.4732208010487433,17.2836328498387672,17.3468887369467985,17.4147113650272196,17.3534372197246682,17.3223830723557732,17.4516696385371297,3321.24625939785573,3321.70326630732051,3320.60460647024228,3322.25094788437672,3320.32894025370478,3320.42083651404254,5.00043335976624448,4.99987082841716201,0.620957525916753905,-5.00016405096516614,4.99982397048368288,4.99982397873487372,-0.00246426063696805406,-0.00232661662851383656,-0.00246755341070675196,-0.00240348930784195806,-0.00286315917968749979,-0.00219756887211055478,-0.00275583804621225151,-0.0026718524143454314,-0.0026694717642692504,-0.00262359573603743656,-0.00250441102069041011,-0.00269754684899719535,-0.00264554026946575618,-0.00275220420488460392,-0.00237660439790044311,-0.00257110363228664528,-0.00305093473369221326,-0.00290455978129224328,-0.00238120468325155521,-0.0023027083691473404,-0.00292356095260045161,-0.00261041215852010405,-0.00243388296168390791,-0.00239332129769978443,-4.6670144268529512,5.00029275891706071,-5.00091408392384196,-5.00065637306995114,4.99991771110885352,0.00000975585540610248366,0.0000411879559691932684,0.0000371267149449810757,0.0000517175978722739458,0.0000350983149634294915,-0.00000891320361070323961,0.0000456629575910298517,-0.0000325144296901866376,0.0000315119100401574997,-0.0000213852817762191884,-5.00063279766880519,-5.00154709255989171,5.00055064035444196,4.99935526994195722,4.99961300082820248,5.00076156385513926,5.00005834824183814,4.99954267101613503,-3.77789563453080346,5.00008178710937478,-0.00296787351461362363
4/23/2014 2:52:19.575 PM,3,3316.88324351253277,3320.85977098814964,3321.22582420429671,3319.29500441107893,3318.27732884065471,3319.84816745122088,3319.94040665814918,3319.94048751639366,3320.67557852649997,3317.16252300922542,3318.74059495338315,3317.99929026091968,3319.29500447869622,3318.55534274762794,3318.8329785254491,3318.74040486834064,3317.44189172686583,3321.04273532879506,3320.21653701701552,3319.11031068522561,3320.2164217678478,3319.01791411750309,3320.40002922205621,3320.30834861700032,3321.22582420429671,3320.12445581547899,3320.6759663740986,3319.84834082384168,3319.94026520479474,3319.38728677233848,3318.55538891129481,3319.66398204674669,3320.21529840399262,3320.39917151596364,3320.30720555252583,3320.85822896143372,3321.22509885045565,3320.21539935806595,3320.39922335416849,3321.22478926382609,3318.73949601846561,3320.49100040520716,3321.77353611849321,3320.76618051861214,3320.49114430597092,3319.66287290036143,18.0161518882325779,17.990180243924808,17.6693033194613136,18.1029957594122273,19.4610427310434737,17.8504462183377548,17.6474657953962968,17.9072217338765185,16.3476674204387855,16.4369125715301223,16.3280705655917018,16.6739319410472468,16.623321625502669,16.5940020908743335,16.5613709685184638,16.8585775514722229,17.53926045984187,17.472364037888731,17.2839179197021018,17.358132782144974,17.4004582659322864,17.348317797650548,17.3267015224540728,17.4476174319410901,3321.24605777770239,3321.70306512008073,3320.60440424514899,3322.25074721821874,3320.3287377697452,3320.42063411631079,5.00043335976624448,4.99987082841716201,0.621087677286611628,-5.00016405096516614,4.99982397048368288,4.99982397873487372,-0.00247814646046391708,-0.00233973980225635593,-0.00247045271653358739,-0.00241600239469962758,-0.00287216186523437484,-0.0021997049523861602,-0.00276605999742223765,-0.0026767357991170841,-0.00266641964878696746,-0.00263076719881565275,-0.00249220227258520766,-0.00269769944761741104,-0.00264462469920465028,-0.00275693465123365159,-0.00237401095081506272,-0.0025793439577782816,-0.00304086322475799129,-0.00290532284593566148,-0.00234259632739006792,-0.00228607316996936932,-0.00293103793448283925,-0.00262551729761188691,-0.0024369350056255277,-0.00240781850642247724,-4.66905672295792318,5.00029275891706071,-5.00091408392384196,-5.00065637306995114,4.99991771110885352,0.000000731193043267580828,0.0000278939398081609662,0.0000202981151724030048,0.0000356286955961382236,0.0000299061391359047236,-0.0000101472925583429667,0.0000405107853766213457,-0.0000323892567683746536,0.0000290872126863339424,-0.000022222753756755913,-5.00063279766880519,-5.00154709255989171,5.00055064035444196,4.99935526994195722,4.99961300082820248,5.00076156385513926,5.00005834824183814,4.99954267101613503,-3.78014406429190819,5.00008178710937478,-0.0029784023258357618
4/23/2014 2:52:20.575 PM,4,3316.88378669075746,3320.86030443669824,3321.22635674044841,3319.29554172758798,3318.2778686451661,3319.84870340628958,3319.94094238557272,3319.94102324361711,3320.67611243306237,3317.16306551474826,3318.74113362797197,3317.99983074145393,3319.29554179520482,3318.55588187458579,3318.83351697417947,3318.74094354339376,3317.44243355789558,3321.04326832166179,3320.21707206187329,3319.11084845487175,3320.2169568129907,3319.01845211357249,3320.40056381244358,3320.30888343455035,3321.22635674044841,3320.12499108813153,3320.67650027969739,3319.84887677848291,3319.94080093256707,3319.38782386216962,3318.55592803813942,3319.66451845584652,3320.21611474055498,3320.39998715771662,3320.30802154193179,3320.85904286371487,3321.22591135761695,3320.21621569424724,3320.40003899572502,3321.22560177216701,3318.74031789226228,3320.49181569954998,3321.77434653178261,3320.76699477023794,3320.49195959976941,3319.66369131781402,18.0109122665949144,17.9799160866957059,17.6569077495763018,18.0949407042828945,20.3420912937556366,17.841933488660235,17.6442783067196025,17.8955205596677942,16.3498823204021448,16.4398891385165946,16.3213757749473629,16.6550612549902652,16.6144183787659649,16.599872883498417,16.569147200129585,16.8437390183933715,17.5350133892302438,17.4757268961536702,17.2828663271213436,17.3599735214773965,17.3981128540273602,17.3422426325526402,17.3163658314477615,17.4479361002196462,3321.24696831839674,3321.70397370565615,3320.60531751786311,3322.25165345049117,3320.32965221154836,3320.42154816869378,5.00043335976624448,4.99987082841716201,0.620715838027123712,-5.00016405096516614,4.99982397048368288,4.99982397873487372,-0.00247921460073282978,-0.00233302562034157874,-0.00247426759262152915,-0.00241798617676242892,-0.00287857055664062465,-0.00221679359459100523,-0.00276667026316611752,-0.00267505713560182859,-0.00266550401414228236,-0.00262969910861464212,-0.00250334275523120481,-0.00269525786969396306,-0.00264935514555369794,-0.00276609035384471147,-0.00238148618064939425,-0.00257842836605698877,-0.00305185032541350609,-0.0029071542010798649,-0.00237449018657999184,-0.00229614585937988397,-0.00292432390993538913,-0.00261727813083455089,-0.00242793147599774982,-0.00239408430868518927,-4.67082381279404135,5.00029275891706071,-5.00091408392384196,-5.00065637306995114,4.99991771110885352,-0.0000135690500242285916,0.0000200768020058738951,0.00000598197573775359594,0.0000260739075290570503,0.0000171134237372237628,-0.00000860506273626167594,0.0000491074044772620773,-0.0000323907832674211443,0.0000360698527688365194,-0.000021623251956480991,-5.00063279766880519,-5.00154709255989171,5.00055064035444196,4.99935526994195722,4.99961300082820248,5.00076156385513926,5.00005834824183814,4.99954267101613503,-3.7813378559891726,5.00008178710937478,-0.00297443494769408659
4/23/2014 2:52:21.575 PM,5,3316.88431662086213,3320.86082487444809,3321.22687628805533,3319.29606593895323,3318.27839528384765,3319.84922628942195,3319.94146504661193,3319.94154590446169,3320.6766333176547,3317.16359478855974,3318.74165916429092,3318.00035803966875,3319.29606600656961,3318.55640785223977,3318.83404229014922,3318.74146908016564,3317.44296217366536,3321.04378831484427,3320.21759405699549,3319.111373108321,3320.2174788083912,3319.01897698792208,3320.4010853641812,3320.30940520790954,3321.22687628805533,3320.12551330549286,3320.6770211633493,3319.84939966119827,3319.94132359394689,3319.38834785238577,3318.55645401568381,3319.66504178193508,3320.21636290582819,3320.40023511176286,3320.30826960166723,3320.85929028895043,3321.22615835872648,3320.21646385940448,3320.40028694971215,3321.22584877363488,3318.7405677408924,3320.49206354798161,3321.77459289634089,3320.76724230167656,3320.49220744803551,3319.66394011569218,18.0002485758081683,17.9682574958642078,17.6402260022721648,18.082449585685751,20.4642319533656334,17.8329396410030583,17.6319375727270255,17.8800686322194728,16.3379131165808005,16.4030926659689058,16.3015577030277541,16.634338042476891,16.6021395660988382,16.582491479848521,16.5575510264363963,16.8462332511228645,17.5327900091246178,17.4646759974710655,17.2876458744388408,17.3546296126560975,17.3971829222222425,17.3368973991209536,17.314218180756562,17.4368861212827078,3321.24694880857032,3321.70395423774744,3320.60529794946251,3322.25163403303713,3320.32963261808254,3320.42152858357712,5.00043335976624448,4.99987082841716201,0.62054830437635744,-5.00016405096516614,4.99982397048368288,4.99982397873487372,-0.00246700728337382897,-0.00233928201712580277,-0.00245732954279106845,-0.00240883025954949977,-0.00286682128906249993,-0.0021850575447820075,-0.00276422920019059847,-0.0026686476930890342,-0.00267466036058913162,-0.00263427663804754585,-0.00250593711420355999,-0.00269327408763116172,-0.00264691362485741525,-0.00274991527923183895,-0.00238941907761644045,-0.00258773688189013317,-0.0030445255916431626,-0.00292394162323506186,-0.00238395152279901245,-0.00227996850972057288,-0.00293683641022836469,-0.00261727813083455089,-0.00243189913312185507,-0.00238996404936400297,-4.67401013052134306,5.00029275891706071,-5.00091408392384196,-5.00065637306995114,4.99991771110885352,-0.0000434975903296651835,0.0000180203028338436513,-0.0000218443620267904627,0.0000252851760216834344,0.0000118205178671896933,-0.0000103379737925271016,0.0000406435575871229887,-0.0000330273333698064855,0.0000325358067830244606,-0.0000214646051696397893,-5.00063279766880519,-5.00154709255989171,5.00055064035444196,4.99935526994195722,4.99961300082820248,5.00076156385513926,5.00005834824183814,4.99954267101613503,-3.78280903946885338,5.00008178710937478,-0.00298816817972296202
4/23/2014 2:52:22.575 PM,6,3316.88446897659605,3320.8609745012036,3321.22702565890176,3319.29621665059357,3318.27854669332282,3319.84937661920594,3319.94161531254576,3319.94169617033958,3320.6767830728736,3317.16374695561398,3318.74181025684538,3318.00050963875446,3319.29621671821041,3318.55655907167465,3318.8341933193551,3318.74162017285061,3317.44311415153833,3321.04393781378985,3320.21774413148341,3319.11152394705732,3320.21762888295916,3319.01912789016569,3320.40123531119979,3320.30955521864234,3321.22702565890176,3320.12566344387278,3320.67717091829808,3319.84954999086221,3319.94147385997894,3319.38849850044789,3318.55660523508686,3319.66519223906561,3320.21624535614637,3320.40011766214593,3320.30815210198216,3320.85917308984881,3321.22604136054769,3320.21634630977723,3320.40016950012341,3321.22573177528602,3318.74044939374789,3320.4919461483978,3321.77447619971735,3320.76712505226305,3320.49209004853037,3319.66382226632413,17.99140409590402,17.9549955119785096,17.6348761593112009,18.0761134847309357,19.975372726036916,17.8266784453064666,17.6281865998367344,17.8744947502374671,16.3272326263925684,16.4072572957391927,16.2856935764542712,16.6224395993589304,16.5963281643570646,16.5867325634183089,16.566363289299705,16.8509298830615819,17.5236296085548346,17.4601575220023797,17.285485695019819,17.3465342489625129,17.3922829790147979,17.3351182255032867,17.311297940428112,17.4448476663728513,3321.24825608379842,3321.7052587059702,3320.60660914710842,3322.25293512257258,3320.33094549421412,3320.42284090061048,5.00043335976624448,4.99987082841716201,0.620482542078105714,-5.00016405096516614,4.99982397048368288,4.99982397873487372,-0.00247021170418056666,-0.00232692181860087201,-0.00247274164218635236,-0.0024092880554101464,-0.0028657531738281246,-0.00220336680428719848,-0.00276499203237044831,-0.00266971593350783312,-0.0026671826776575383,-0.00260818472027999357,-0.00249784881858386388,-0.00270273520208452181,-0.00264309874876947348,-0.00276990522993265324,-0.00236623060955892112,-0.00257171402676750717,-0.00305978545366471103,-0.00290181274857593836,-0.00235404149217114138,-0.00230606593228417861,-0.00292707055634116404,-0.00263131522978853061,-0.00242396381887364457,-0.0023887432317873554,-4.67719492186889418,5.00029275891706071,-5.00091408392384196,-5.00065637306995114,4.99991771110885352,-0.0000439112715712633277,0.0000136265954039867507,-0.00000454715634671293842,0.0000198571166343810539,0.0000081118208475291431,-0.00000985898253225655329,0.0000499849219604625722,-0.0000321205929361928315,0.0000282647382535391682,-0.0000213791799767252953,-5.00063279766880519,-5.00154709255989171,5.00055064035444196,4.99935526994195722,4.99961300082820248,5.00076156385513926,5.00005834824183814,4.99954267101613503,-3.78535500166984384,5.00008178710937478,-0.00296878906341554874
4/23/2014 2:52:23.575 PM,7,3316.88507839941121,3320.86157300809418,3321.22762314215469,3319.29681949702899,3318.27915233109934,3319.84997793821367,3319.94221637615282,3319.94229723372245,3320.67738209361914,3317.16435562371134,3318.74241462693817,3318.00111603497544,3319.29681956464537,3318.55716394928958,3318.83479743605266,3318.74222454346454,3317.44372206290745,3321.04453580944118,3320.21834442930594,3319.11212730187617,3320.21822918110183,3319.01973149901323,3320.40183509914277,3320.31015526144347,3321.22762314215469,3320.12626399726332,3320.67776993796269,3319.85015130939018,3319.94207492397799,3319.38910109256858,3318.55721011257583,3319.6657940674595,3320.21711393558416,3320.40098550229458,3320.30902031203959,3320.86003907916938,3321.22690586543649,3320.21721488880939,3320.40103734006288,3321.22659628142946,3318.74132386489918,3320.49281361889643,3321.77533847669019,3320.76799141329183,3320.4929575184492,3319.66469305986538,17.9849917587145676,17.9503297017001166,17.6255681261250636,18.0713731328574099,20.2684157252773396,17.8153191724268502,17.6199468780374175,17.8675517383639963,16.3173119990658542,16.367711522042427,16.2804140288920251,16.593563932247676,16.5796250124731195,16.5751318776959984,16.5565122180063611,16.8457281256756133,17.5101570904583497,17.4536098663935277,17.2704100448122126,17.335724374716623,17.3858861746959334,17.3226317650966486,17.3083269421485752,17.4354853522578317,3321.2480739753937,3321.70507698858637,3320.60642649230476,3322.25275387584542,3320.33076260559482,3320.4226580898744,5.00043335976624448,4.99987082841716201,0.61943858466595314,-5.00016405096516614,4.99982397048368288,4.99982397873487372,-0.00247326353352031675,-0.00234035018243042639,-0.00247777727862243547,-0.00241081404161230112,-0.00287658691406249972,-0.00222274410393019217,-0.00276850106039775671,-0.00267353107786068691,-0.00268229064929483918,-0.00263351371647539516,-0.00250792103577065573,-0.00270090401864193615,-0.00264767660007500343,-0.00275525610575495707,-0.00238194384778210849,-0.00257446080193138608,-0.00304650937370596394,-0.00291753188023035053,-0.00234458015595212076,-0.00229049904864974709,-0.00293164830035078962,-0.00263284100141396305,-0.00243540898365471759,-0.00239316869550270338,-4.68043512080135659,5.00029275891706071,-5.00091408392384196,-5.00065637306995114,4.99991771110885352,-0.0000442226773767468072,0.000012702086132287693,-0.0000187793435829503945,0.0000182445649839092665,0.0000177406971837589423,-0.00000973847199225217957,0.0000598741624667916914,-0.0000311619515349985965,0.0000316110952686021361,-0.0000212144313903902038,-5.00063279766880519,-5.00154709255989171,5.00055064035444196,4.99935526994195722,4.99961300082820248,5.00076156385513926,5.00005834824183814,4.99954267101613503,-3.78726866929089256,5.00008178710937478,-0.00298587930771814945
4/23/2014 2:52:24.575 PM,8,3316.88483992896726,3320.86133880904162,3321.22738934365088,3319.29658359991617,3318.2789153417375,3319.84974263878211,3319.94198117665928,3319.94206203431667,3320.6771476934955,3317.16411744858805,3318.74217813361974,3318.00087874883502,3319.29658366753301,3318.55692725737844,3318.83456104188781,3318.74198804994239,3317.44348418389108,3321.04430181043608,3320.21810952946361,3319.11189120583367,3320.21799428113399,3319.01949530356932,3320.40160039881539,3320.30992046139044,3321.22738934365088,3320.12602899741705,3320.67753553826196,3319.84991601014644,3319.9418397243312,3319.38886529496903,3318.5569734207138,3319.66555856870582,3320.21703556733155,3320.40090720074386,3320.30894197711404,3320.8599609446087,3321.226827864808,3320.21713652059406,3320.40095903853171,3321.22651828068774,3318.7412449650701,3320.49273535069733,3321.77526067707413,3320.76791324519445,3320.49287925030239,3319.66461449184635,17.9823399090178313,17.9412091514194714,17.6136314827322771,18.0695575036778955,19.8602703577177166,17.8073412888661018,17.6058840359992956,17.8692339088722321,16.3135153092416623,16.3601822486585355,16.249884570827799,16.5878642774915583,16.5678304702631962,16.5682112412873224,16.552865542937969,16.8365257924975395,17.4963419080281604,17.4426102259003421,17.2546866488697645,17.3251044920445949,17.3769392879989048,17.320763524324164,17.3092751363607533,17.4329331557792564,3321.24856176440471,3321.70556373020372,3320.6069157449092,3322.25323935675487,3320.33125248450142,3320.42314776016155,5.00043335976624448,4.99987082841716201,0.618570705425917522,-5.00016405096516614,4.99982397048368288,4.99982397873487372,-0.00244610225239654065,-0.00231379864485835307,-0.00244939460052814992,-0.00238761905133954774,-0.00285324096679687471,-0.00218048022990570975,-0.00274393786420659616,-0.00265796528890104326,-0.00265039604250498105,-0.00260665887713569218,-0.00249159183517994737,-0.00267633564078724288,-0.00263714754207228447,-0.00274320109731706176,-0.00236317949534082649,-0.00256545748333867263,-0.00303048651858333837,-0.00289189290821150347,-0.00231314410335343957,-0.00225539725221916626,-0.00290845439736868829,-0.00261163277582045,-0.0024111452343188425,-0.00238065531534206341,-4.6833211996319104,5.00029275891706071,-5.00091408392384196,-5.00065637306995114,4.99991771110885352,-0.0000380922572060524639,0.000017837231690932948,-0.000013952855376066779,0.0000243743970857026785,0.0000310095909652111345,-0.00000925948073198162958,0.0000602389045163306792,-0.0000309741921522806171,0.0000363201047298353027,-0.0000212815511848230183,-5.00063279766880519,-5.00154709255989171,5.00055064035444196,4.99935526994195722,4.99961300082820248,5.00076156385513926,5.00005834824183814,4.99954267101613503,-3.78875862020139697,5.00008178710937478,-0.00298587930771814945
4/23/2014 2:52:25.575 PM,9,3316.88592628505102,3320.86240570574091,3321.22845441555227,3319.29765823254911,3318.27999495038329,3319.85081454853025,3319.94305263111528,3319.9431334883734,3320.6782155062242,3317.16520245926631,3318.74325548241631,3318.00195970952882,3319.29765830016549,3318.55800551091442,3318.83563793896701,3318.74306539966755,3317.44456784558042,3321.04536779576938,3320.21917961878625,3319.11296674474215,3320.21906437102688,3319.02057129532477,3320.40266957919675,3320.31099009609715,3321.22845441555227,3320.12709954233059,3320.67860334906345,3319.85098791903919,3319.94291117948569,3319.38993947424614,3318.55805167402468,3319.66663138651665,3320.21748618285209,3320.40135743271957,3320.30939240099951,3320.86041021637038,3321.22727636644276,3320.21758713590406,3320.40140927039874,3321.2269667829737,3318.74169863722545,3320.49318539089745,3321.77570802286072,3320.76836270979902,3320.49332929020192,3319.66506625604915,17.9689578966496768,17.9345152160694425,17.6139374128242743,18.0687221850815476,20.2277717914258836,17.8033111722652428,17.6023102049930529,17.8634570297164856,16.3001951610240496,16.3438114383526347,16.2485151534254974,16.5785023690839068,16.5582361897583894,16.5614345219468468,16.547687132643393,16.8472619418376048,17.4878905945376637,17.4370509330959002,17.2507239502415537,17.3177944677855784,17.3802082245618621,17.3202266671247571,17.3018131881882944,17.4386362687957224,3321.24900402687035,3321.7060050430382,3320.60735933435853,3322.25367952655415,3320.33169664179513,3320.42359172830811,5.00043335976624448,4.99987082841716201,0.61862136223106734,-5.00016405096516614,4.99982397048368288,4.99982397873487372,-0.0024415245083869155,-0.00230265920668156323,-0.00243581364165507781,-0.00237403777414036971,-0.00283599853515624978,-0.00218292146450640165,-0.00273630954240809904,-0.00264743549048716657,-0.00264780174434504044,-0.00258804359077521645,-0.00247892525902079991,-0.00266214396910720297,-0.00261380050041408203,-0.00273557134514117867,-0.00234197425152506914,-0.00254989242407669325,-0.00301629484690329802,-0.00285908112854452688,-0.00233466101314185742,-0.00225158183956366848,-0.00289868854348148764,-0.0025983585626791865,-0.00239496940142825895,-0.00236997316154639523,-4.68519910463784939,5.00029275891706071,-5.00091408392384196,-5.00065637306995114,4.99991771110885352,-0.0000215648520297308289,0.0000209677482347059896,-0.00000438993677514146148,0.0000272242045436793088,0.000041166536918232109,-0.0000107925578548220807,0.0000301911797741834678,-0.0000331189233125957425,0.0000342524741984124467,-0.0000219146128823143476,-5.00063279766880519,-5.00154709255989171,5.00055064035444196,4.99935526994195722,4.99961300082820248,5.00076156385513926,5.00005834824183814,4.99954267101613503,-3.7906428397399341,5.00008178710937478,-0.00291812869637569613
4/23/2014 2:52:26.575 PM,10,3316.88605876851579,3320.86253581619985,3321.22858430348378,3319.29778928637915,3318.28012661102093,3319.85094527031378,3319.94318329737734,3319.94326415458681,3320.67834572839001,3317.16533477866323,3318.74338686747296,3318.0020915350442,3319.29778935399554,3318.55813700630096,3318.83576926893829,3318.74319678483789,3317.44470000047249,3321.04549779509034,3320.21931011857486,3319.11309790908899,3320.21919487088507,3319.02070251489522,3320.40279996814297,3320.31112054044706,3321.22858430348378,3320.12723009767705,3320.6787335709937,3319.85111864071814,3319.94304184583279,3319.39007047279074,3318.55818316938393,3319.66676221903526,3320.2176886338575,3320.4015597114103,3320.30959476590896,3320.86061206366685,3321.22747786774516,3320.21778958681488,3320.4016115490408,3321.2271682845685,3318.74190246148191,3320.49338758342946,3321.77590900487666,3320.76856464373395,3320.49353148259888,3319.66526922312186,17.9698897824550308,17.9345344248819707,17.6090870474276961,18.0719358616929568,20.2830201832159851,17.7912352163821516,17.5976892892352623,17.8532882978966931,16.3015087740318307,16.3314182757331068,16.2368061475813867,16.5818713122373431,16.5525435797964313,16.5577984732412453,16.5442785627973912,16.8449971129347915,17.4811592855955844,17.4201980365103708,17.2526689211358821,17.3126610636445122,17.3694414142058875,17.3157011931521261,17.2974408839097862,17.4321342196284554,3321.24958937248357,3321.70658913176475,3320.6079464363047,3322.25426210241312,3320.33228449531361,3320.42417933148044,5.00043335976624448,4.99987082841716201,0.619037907646907248,-5.00016405096516614,4.99982397048368288,4.99982397873487372,-0.00245403700867989107,-0.0023166979506851885,-0.00244924200548463219,-0.00239067102374385717,-0.00286697387695312479,-0.00219482248318477596,-0.0027608727385992596,-0.00265445535609641755,-0.00265924717740360223,-0.00262878360272806103,-0.00247846743096685491,-0.0026824395855958626,-0.0026423357735518853,-0.00273526615505414322,-0.00236699338811344499,-0.00256530488471845694,-0.00302697675031838188,-0.00289021416599598378,-0.00232107941760165051,-0.00228714148551290887,-0.00291394769018023855,-0.00261300597028333963,-0.00242289560349407763,-0.00238798022080195013,-4.68745646764954138,5.00029275891706071,-5.00091408392384196,-5.00065637306995114,4.99991771110885352,-0.0000175501595374683459,0.0000203193712702305793,-0.00000963160676326237726,0.0000264598825220271182,0.0000339002379426749532,-0.0000111098514285044824,0.0000246590043366150978,-0.0000336516714798199284,0.0000305551540673145987,-0.0000218017295916773395,-5.00063279766880519,-5.00154709255989171,5.00055064035444196,4.99935526994195722,4.99961300082820248,5.00076156385513926,5.00005834824183814,4.99954267101613503,-3.79199439992070708,5.00008178710937478,-0.00299167778346367489
4/23/2014 2:52:27.575 PM,11,3316.88644296660732,3320.86291313222454,3321.22896097414468,3319.29816933831807,3318.28050842279253,3319.8513243592688,3319.94356222531223,3319.94364308238073,3320.6787233683799,3317.16571850093441,3318.74376788001882,3318.00247382498537,3319.29816940593446,3318.55851833882025,3318.83615012172867,3318.74357779771253,3317.4450832456564,3321.04587478879875,3320.21968856371222,3319.1134782815443,3320.21957331622479,3319.02108304750572,3320.4031780918217,3320.31149882480394,3321.22896097414468,3320.12760870394004,3320.67911121030238,3319.85149772937074,3319.94342077401461,3319.39045036439438,3318.55856450182318,3319.66714162913876,3320.21794332999707,3320.40181419076498,3320.30984935373362,3320.86086600029648,3321.22773136908972,3320.2180442828353,3320.40186602833455,3321.22742178628095,3318.74215888526987,3320.49364195439056,3321.77616185292117,3320.76881868936152,3320.4937858533899,3319.66552456851059,17.9776337268765438,17.9288918549094731,17.6050416537765741,18.06781641109567,19.3922889438082961,17.7948742068230423,17.5914392777737625,17.8495502940429382,16.3003545551589575,16.3404678941602732,16.2206478616100469,16.5796515064261065,16.5509316819713348,16.5509318524171789,16.5556157080700679,16.8506185753871058,17.4843442325042666,17.4171426692112483,17.2580627417485353,17.3121931314484243,17.3699629803014019,17.3161466728557549,17.3058769829138796,17.4231438902597127,3321.24921865225951,3321.70621920755184,3320.60757460375998,3322.25389313632968,3320.33191218678348,3320.42380718149934,5.00043335976624448,4.99987082841716201,0.619139831580160282,-5.00016405096516614,4.99982397048368288,4.99982397873487372,-0.00248547085087931757,-0.00234279170312670908,-0.00247350461740394097,-0.00241127183747294775,-0.00288345336914062498,-0.0022105379309267318,-0.00276438176662656843,-0.00268207700121107957,-0.0026761864183302733,-0.0026318352890166638,-0.00251524628463377711,-0.00271402749998046755,-0.00266278350938325232,-0.00276578516375767603,-0.00237996062354034694,-0.00258193813432194483,-0.00306833097639677829,-0.00291753188023035053,-0.00237510059536831606,-0.00230377668469087995,-0.00292844387954405193,-0.00263284100141396305,-0.00242487943205613047,-0.00239744155702097074,-4.69014304864682163,5.00029275891706071,-5.00091408392384196,-5.00065637306995114,4.99991771110885352,-0.0000168250724903867188,0.0000283912830797350473,0.000000862418038231885529,0.0000364753996321002313,0.00000392389301956677687,-0.0000179896303578680999,-0.000069172795553992808,-0.0000412322657446775258,0.0000343577631332229043,-0.0000244407578727857784,-5.00063279766880519,-5.00154709255989171,5.00055064035444196,4.99935526994195722,4.99961300082820248,5.00076156385513926,5.00005834824183814,4.99954267101613503,-3.79278293717677295,5.00008178710937478,-0.00300403769228966286
4/23/2014 2:52:28.575 PM,12,3316.88627074271744,3320.8627439936522,3321.2287921248967,3319.29799897320072,3318.28033726872036,3319.85115442586948,3319.94339236410041,3319.94347322123167,3320.67855408456989,3317.16554649036106,3318.74359708424935,3318.00230245654347,3319.2979990408171,3318.558347399603,3318.83597939757965,3318.74340700179573,3317.4449114489671,3321.04570579472465,3320.21951891894423,3319.11330777273588,3320.2194036713663,3319.02091246689724,3320.40300859116769,3320.31132925211568,3321.2287921248967,3320.1274389869377,3320.67894192679796,3319.85132779610694,3319.94325091269183,3319.39028007115757,3318.55839356264141,3319.66697155176416,3320.2181653724433,3320.40203604421822,3320.31007130175112,3320.86108738060102,3321.22795236991169,3320.21826632517832,3320.40208788173413,3321.22764278742352,3318.74238243388345,3320.49386371334594,3321.77638228419482,3320.76904016469006,3320.49400761219703,3319.66574717697403,17.9746282261229702,17.9313624415704282,17.5954136604617091,18.0679283149950791,18.5723739706854971,17.7891287507421367,17.5917036730201772,17.8470013605010642,16.2998577833325555,16.3277865762198147,16.2144388004203108,16.5487802121329039,16.5470837730064275,16.5516531023436677,16.5465112009482347,16.8500453335413347,17.481735171674881,17.4252637993457569,17.2457843497818537,17.3127040342097835,17.3664398068774872,17.3185605814391152,17.3124765213250811,17.4257096240596745,3321.24990806104597,3321.70690713602653,3320.60826608108573,3322.25457928300829,3320.33260454928086,3320.42449924914899,5.00043335976624448,4.99987082841716201,0.618831313327109722,-5.00016405096516614,4.99982397048368288,4.99982397873487372,-0.0024770783201950048,-0.00233287302529806102,-0.00247655651827429412,-0.00240959325265057735,-0.0028735351562499999,-0.00221313174268996694,-0.00276972159188551646,-0.00267704101066531261,-0.00267710205297495797,-0.00262512157918173795,-0.00251021017604038119,-0.00269342668625137741,-0.00264874476537962705,-0.00276731111419285282,-0.00236989194662063502,-0.00257903876053785066,-0.00305001914197092,-0.00291921062244587023,-0.00238349371620776972,-0.00229996127203538174,-0.00293805714196426499,-0.00263909666507823691,-0.00243708760782260833,-0.00240888672180204419,-4.69204888640217898,5.00029275891706071,-5.00091408392384196,-5.00065637306995114,4.99991771110885352,-0.0000229158036858723861,0.0000250349787930388014,-0.0000019309005634749509,0.0000324173226309129505,0.00000869025548557496495,-0.000016535876628448248,-0.0000258600587005782148,-0.0000385395214266733417,0.0000341227704381386841,-0.0000238717650699803188,-5.00063279766880519,-5.00154709255989171,5.00055064035444196,4.99935526994195722,4.99961300082820248,5.00076156385513926,5.00005834824183814,4.99954267101613503,-3.79394133014272805,5.00008178710937478,-0.00302082275365828882
4/23/2014 2:52:29.575 PM,13,3316.88620449788686,3320.86267893504828,3321.22872717753125,3319.29793344302106,3318.28027143520739,3319.85108906167442,3319.9433270276595,3319.94340788481531,3320.67848897012572,3317.16548032754508,3318.74353138849483,3318.00223654061073,3319.29793351063745,3318.55828164869626,3318.83591372936143,3318.74334130598435,3317.44484536838444,3321.04564079167676,3320.21945366572072,3319.11324218731033,3320.21933841810778,3319.02084685386671,3320.40294339335241,3320.31126402660538,3321.22872717753125,3320.12737370594186,3320.67887681247111,3319.85126243196418,3319.94318557620863,3319.39021456861382,3318.55832781174876,3319.66690613221453,3320.218511500359,3320.40238187753993,3320.3104172824751,3320.86143247640029,3321.22829687419152,3320.21861245293212,3320.40243371497263,3321.22798729220358,3318.74273090954193,3320.49420939936862,3321.77672590068959,3320.76938540860874,3320.49435329798916,3319.66609418717052,17.9692179294871117,17.9178843519898692,17.5887066214256542,18.0538466229312924,18.3325172627458954,17.7875203154049082,17.5851505103413537,17.8401476195579391,16.290864400462322,16.3318115831824286,16.2151893853522111,16.5681814625274377,16.5418938907897406,16.5470726654411173,16.5469569957879123,16.8496538514253551,17.4774254385292522,17.4187468364937175,17.2388846244941867,17.3054256678266007,17.3756778719678806,17.3088450978331671,17.3005559656772121,17.4318246981317202,3321.25029829120558,3321.70729652825866,3320.60865748213882,3322.2549676666581,3320.33299645138413,3320.42489098435362,5.00043335976624448,4.99987082841716201,0.619055912174038769,-5.00016405096516614,4.99982397048368288,4.99982397873487372,-0.00247448426525621705,-0.00232890555416660153,-0.00246846898096785786,-0.00240913545678993072,-0.00287902832031249967,-0.0022016884554992228,-0.00277048442406536586,-0.0026741415009571435,-0.00267435514904090354,-0.00261917079091896279,-0.00250822625447328545,-0.00270243000484409086,-0.00265393299685922788,-0.00277387270106411229,-0.0023724853937060154,-0.00257736017571548026,-0.0030402528302771294,-0.00288655145570757693,-0.00236106119323686598,-0.00227966327670813289,-0.00294538153237966505,-0.00263528223601465538,-0.00243037311115104539,-0.00239347389989686549,-4.69248192033714151,5.00029275891706071,-5.00091408392384196,-5.00065637306995114,4.99991771110885352,-0.0000164495537249507601,0.0000401169897831656522,0.00000834942773297070174,0.0000512477152721364682,0.00000707399616713030641,-0.0000184213326720609822,-0.0000490677254258477925,-0.000040343843299621726,0.0000372875421888183958,-0.0000247763568449498579,-5.00063279766880519,-5.00154709255989171,5.00055064035444196,4.99935526994195722,4.99961300082820248,5.00076156385513926,5.00005834824183814,4.99954267101613503,-3.79487817587652154,5.00008178710937478,-0.00297123052688734891
4/23/2014 2:52:30.575 PM,14,3316.88621774852117,3320.8626919485855,3321.22874016883497,3319.29794655081514,3318.28028460362975,3319.85110213629195,3319.94334009672957,3319.94342095388083,3320.67850199482427,3317.16549356178666,3318.74354452938268,3318.00224972550677,3319.29794661843107,3318.55829480060765,3318.83592686474548,3318.74335444688358,3317.44485858618964,3321.04565379410996,3320.21946671815794,3319.11325530614613,3320.21935147055182,3319.02085997822041,3320.40295643471472,3320.31127707350333,3321.22874016883497,3320.12738676392973,3320.67888983714601,3319.85127550657125,3319.94319864528733,3319.39022767088363,3318.55834096365742,3319.66691921789606,3320.21907966631988,3320.40294955989384,3320.31098520680552,3320.86199894803394,3321.22886237478269,3320.21918061862788,3320.40300139719056,3321.2285527936151,3318.74330292957302,3320.49477683991563,3321.77728994388735,3320.76995212339579,3320.49492073815736,3319.66666380148944,17.9567716465820837,17.9109092216739398,17.5841658691581593,18.0565336280553197,18.4693745495012891,17.784122037670528,17.5819806477978169,17.8349263236865099,16.2768060860574515,16.3153877698425589,16.2182607880020768,16.5573964309670281,16.5389485345096183,16.5458027443014366,16.5392121199855033,16.8403144259016137,17.4703189022773984,17.4171960161262937,17.2440324518098293,17.3003736014574585,17.3619476561678567,17.3079027361318296,17.3100402870908958,17.4255562608457879,3321.25053242780313,3321.70753016208027,3320.6088923212983,3322.25520069530784,3320.33323159118481,3320.42512602401166,5.00043335976624448,4.99987082841716201,0.619037602485430383,-5.00016405096516614,4.99982397048368288,4.99982397873487372,-0.00247829905193090467,-0.00234309689321374453,-0.00248113436957982407,-0.00241646019056027421,-0.00288558959960937478,-0.00221435235999031289,-0.00277201008842506555,-0.00269321722272141285,-0.00267954374536078475,-0.00263061461450122278,-0.00250868408252723088,-0.00271143332343680432,-0.00266202053416566371,-0.00276166509758269925,-0.0023831642934693466,-0.00258514270534646994,-0.00306512640537225318,-0.00292012630001797172,-0.00236182420422227082,-0.00229217783021816619,-0.00292920683687898946,-0.00263482450452702565,-0.00243678240342844665,-0.0023937791042910276,-4.69252053774480693,5.00029275891706071,-5.00091408392384196,-5.00065637306995114,4.99991771110885352,0.00000724934397176978582,0.0000499784220146222511,0.0000308531961181968684,0.0000636614643543398097,0.00000943352110227236861,-0.0000207781527265768991,-0.0000672269959173308322,-0.000042996898642417234,0.0000448790269813119077,-0.0000247122879502639882,-5.00063279766880519,-5.00154709255989171,5.00055064035444196,4.99935526994195722,4.99961300082820248,5.00076156385513926,5.00005834824183814,4.99954267101613503,-3.79536765488531813,5.00008178710937478,-0.00293201451987155958
4/23/2014 2:52:31.575 PM,15,3316.88657544896887,3320.86304324148204,3321.2290908608652,3319.29830039098533,3318.28064008229284,3319.8514550798759,3319.94369289039559,3319.94377374741543,3320.67885358934881,3317.1658508192213,3318.74389926392677,3318.00260564936979,3319.29830045860171,3318.55864983306264,3318.83628145054899,3318.74370918173372,3317.44521539943161,3321.04600478691372,3320.21981906231531,3319.11360944473335,3320.21970381489745,3319.0212142659202,3320.40330847957784,3320.3116292679656,3321.2290908608652,3320.12773925810324,3320.67924143103618,3319.85162844987371,3319.94355143918346,3319.39058136177391,3318.55869599603829,3319.66727246048549,3320.21895558403002,3320.40282558321905,3320.310861177285,3320.86187523576836,3321.22873887458308,3320.21905653639532,3320.40287742054533,3321.22842929323633,3318.74317800559174,3320.49465291604883,3321.77716676196814,3320.769828358028,3320.49479681437287,3319.66653940289234,17.9486818833275308,17.9023584685518422,17.5816258787479072,18.0552117417310462,18.2100444871716824,17.7888093050813012,17.5790607801838128,17.8345930093937959,16.276624410499835,16.3084286665220688,16.2098540866935181,16.5401628282905904,16.5354163068916904,16.5334357957148583,16.5378881717781816,16.8420363385144576,17.4705112555537241,17.416170768449458,17.2365359686412134,17.2978262729163248,17.3617593876577452,17.3047458448597844,17.3039159861773299,17.4252160705992338,3321.25066900972433,3321.707666450744,3320.60902931300825,3322.25533663098895,3320.33336875825216,3320.42526313266807,5.00043335976624448,4.99987082841716201,0.618173842925331618,-5.00016405096516614,4.99982397048368288,4.99982397873487372,-0.00247616277139307969,-0.00232783738886197791,-0.00247289423722987008,-0.0024059308857654056,-0.00287399291992187491,-0.00221694617175354847,-0.00275858424205971051,-0.00268192439543696532,-0.00267649162987850138,-0.00263442922236197582,-0.00250044317755621906,-0.00270822875241227921,-0.0026635464846008405,-0.00277066820515024142,-0.00238392707202387004,-0.00258270112742302197,-0.0030626848274488052,-0.00293981336781815776,-0.00238639315795230803,-0.00230484500023441907,-0.00294004083103510238,-0.00263909666507823691,-0.00244471771767665715,-0.00241392259430571639,-4.69332432932094878,5.00029275891706071,-5.00091408392384196,-5.00065637306995114,4.99991771110885352,-0.00000063502360333885333,0.00005033541074329813,0.0000315904490606145746,0.0000639513269972817486,0.0000200269639061669688,-0.0000165831655745259157,0.00000209230690342240984,-0.0000382739105925844874,0.0000449003899535922919,-0.0000233317558147708474,-5.00063279766880519,-5.00154709255989171,5.00055064035444196,4.99935526994195722,4.99961300082820248,5.00076156385513926,5.00005834824183814,4.99954267101613503,-3.79556189016530476,5.00008178710937478,-0.00301777092431853872
4/23/2014 2:52:32.575 PM,16,3316.88680067018731,3320.86326442853169,3321.22931166961188,3319.29852318178927,3318.28086390468479,3319.85167730619241,3319.94391502232429,3319.94399587926136,3320.67907496630277,3317.16607576152091,3318.74412261782436,3318.002829752058,3319.2985232494052,3318.55887337452395,3318.8365047108,3318.74393253582366,3317.44544006206933,3321.04622578502585,3320.22004091123517,3319.11383242341935,3320.2199256639351,3319.02143733848652,3320.40353014006268,3320.31185102263771,3321.22931166961188,3320.12796120147277,3320.67946280759042,3319.85185067601241,3319.94377357125677,3319.39080405859158,3318.55891953745276,3319.66749487505421,3320.21922333877546,3320.40309311005012,3320.31112881815488,3320.86214219201156,3321.22900537319401,3320.21932429101571,3320.40314494731228,3321.22869579223424,3318.74344757668222,3320.49492032892158,3321.77743257373913,3320.77009542886435,3320.4950642270669,3319.666807840219,17.9381864318416859,17.9094332652415637,17.5855049974202409,18.0619793271834048,18.3514525643559345,17.7961109661653189,17.6017284258586244,17.8637122412033165,16.2754815938496264,16.3229723672752023,16.2128991333635675,16.5378013569063071,16.5271895084401343,16.5284842630817899,16.5426855956511858,16.8337366549200134,17.4633273870439751,17.4118787802201744,17.2317857370816867,17.2844771761348745,17.3663724955115768,17.3091306083873562,17.2911001005941394,17.4292949551470819,3321.25116980358961,3321.70816616924958,3320.60953160954568,3322.2558350551244,3320.33387169781508,3320.42576585804136,5.00043335976624448,4.99987082841716201,0.617293604645485438,-5.00016405096516614,4.99982397048368288,4.99982397873487372,-0.00247799386899692949,-0.00233684049642952007,-0.00246724822061971652,-0.00239814835613441592,-0.00287139892578124967,-0.00219848433508581425,-0.00276758566178193733,-0.0026776514337617692,-0.00267023479313982124,-0.00262069663406326418,-0.00249571228766545328,-0.00270212480760365992,-0.00264798179016203887,-0.00277219415558541821,-0.00237065472517515846,-0.00258117514122086726,-0.0030588698619434182,-0.00289402948921307392,-0.00237159074483545354,-0.00227355861645933645,-0.0029337845808886146,-0.00263589254466482835,-0.00243144132653061234,-0.00239652594383848484,-4.69449811534839512,5.00029275891706071,-5.00091408392384196,-5.00065637306995114,4.99991771110885352,-0.0000123539567832244344,0.0000511332958078172803,0.00000802430376457531503,0.0000656996564120789845,0.0000137008119940299395,-0.0000188835439837233269,-0.0000157998930496952656,-0.0000389470966720855368,0.0000351787116394262282,-0.0000235712514449061207,-5.00063279766880519,-5.00154709255989171,5.00055064035444196,4.99935526994195722,4.99961300082820248,5.00076156385513926,5.00005834824183814,4.99954267101613503,-3.79693618487609985,5.00008178710937478,-0.00298053860637358678
4/23/2014 2:52:33.575 PM,17,3316.88751607242875,3320.86396701579087,3321.23001305515026,3319.29923086354892,3318.28157486339932,3319.85238319479594,3319.94462061109516,3319.94470146776893,3320.67977815681297,3317.16679027774534,3318.74483208831452,3318.00354160116421,3319.29923093116485,3318.55958344083046,3318.83721388381172,3318.74464200692546,3317.44615368991662,3321.04692777210493,3320.2207456009969,3319.11454070200716,3320.22063035407291,3319.02214591529673,3320.40423423124093,3320.31255541301243,3321.23001305515026,3320.12866619126407,3320.68016599683142,3319.85255656405252,3319.94447916048739,3319.39151144179368,3318.55962960361102,3319.66820136166279,3320.21923640050636,3320.40310616066608,3320.3111418743324,3320.86215521479971,3321.22901837366362,3320.21933735274115,3320.40315799792506,3321.2287087927225,3318.74346072699654,3320.49493337397962,3321.77744554071114,3320.77010845724135,3320.4950772721163,3319.66682093523968,17.9333304704715886,17.9180418877182674,17.5907665947153049,18.0628270843199665,18.7273374084381601,17.820160090301826,17.6226580611874901,17.8879010920995256,16.2622465650953138,16.3009754903100337,16.215575960367282,16.538269157273028,16.5161574145439509,16.5250681674911703,16.5266240063583147,16.8262867971634122,17.4626440667123432,17.4099016937485231,17.2373446795229341,17.2910241177559278,17.3567831502510543,17.3058589800241975,17.2871441712381895,17.4122517612291574,3321.25161856776821,3321.7086139698049,3320.60998172026074,3322.2562816958025,3320.33432238474142,3320.42621635303339,5.00043335976624448,4.99987082841716201,0.617073735801446865,-5.00016405096516614,4.99982397048368288,4.99982397873487372,-0.00247433167378922946,-0.00233302562034157874,-0.00247243645209931735,-0.00240959325265057735,-0.00288314819335937483,-0.00220718123335078001,-0.00276514459880641828,-0.00268268742430753616,-0.00267649162987850138,-0.00262252764583642594,-0.00249891708404306875,-0.00270517678000796935,-0.00265408559190274517,-0.0027493048990577685,-0.00238713074195286926,-0.00258254852880280671,-0.00304422039440273165,-0.00290761203986591565,-0.00233069335601775174,-0.0023025557526411204,-0.00293653122729438951,-0.0026194142111101563,-0.00243220433751601718,-0.00239683114823264695,-4.69491100107066383,5.00029275891706071,-5.00091408392384196,-5.00065637306995114,4.99991771110885352,-0.0000234882408283052514,0.0000443794962272698834,-0.00000620330426083966987,0.0000583661315456476894,0.0000195294185446816456,-0.0000173931794573401228,0.0000187391950890764189,-0.0000360528544799449777,0.0000311014357870558411,-0.000023327179465150425,-5.00063279766880519,-5.00154709255989171,5.00055064035444196,4.99935526994195722,4.99961300082820248,5.00076156385513926,5.00005834824183814,4.99954267101613503,-3.79784175155852077,5.00008178710937478,-0.00297931787463768692
4/23/2014 2:52:34.575 PM,18,3316.88736372025277,3320.86381739291027,3321.22986368820829,3319.29908015565752,3318.28142345759261,3319.85223286880545,3319.94447034896211,3319.94455120569182,3320.67962840545396,3317.16663811427088,3318.74468099946489,3318.00339000572421,3319.29908022327345,3318.55943222508585,3318.83706285831795,3318.74449091794576,3317.4460017156457,3321.04677827704881,3320.22059553033204,3319.11438986700523,3320.22048028332801,3319.02199501678023,3320.4040842880604,3320.31240540610997,3321.22986368820829,3320.12851605669948,3320.68001624574299,3319.85240623818208,3319.94432889825657,3319.39136079748823,3318.55947838789779,3319.66805090831121,3320.21970660775468,3320.40357596769217,3320.31161188161286,3320.8626240198605,3321.22948637511172,3320.21980755976983,3320.40362780483838,3321.22917679484999,3318.74393412378549,3320.49540298089186,3321.77791233605376,3320.77057746353057,3320.49554687871477,3319.66729234111608,17.9345650876162637,17.9207988162796639,17.5907845466036861,18.066039532809345,18.7065468403979302,17.8289260846528315,17.6319561075606259,17.8997797279306248,16.2615036037988219,16.3137873125688273,16.1985338148436817,16.5334912160833838,16.5241721867477125,16.5118344037702229,16.530526881044576,16.8162552473915632,17.4644323046465075,17.402405038012013,17.2269524283705806,17.3034673340194764,17.3680100304728029,17.3051351703079099,17.2773641613167648,17.4109957961645065,3321.2519307531229,3321.70892548483288,3320.61029484230812,3322.25659240398317,3320.33463590761903,3320.42652974239581,5.00043335976624448,4.99987082841716201,0.617050543529209627,-5.00016405096516614,4.99982397048368288,4.99982397873487372,-0.00247570499699211692,-0.00232783738886197791,-0.00247060531157710511,-0.00240623608300583655,-0.00286727905273437495,-0.0022061131932129773,-0.00276499203237044831,-0.00268314524162987849,-0.00267389733171856077,-0.00262695259095489971,-0.00250776842641934044,-0.00270517678000796935,-0.00265591673242495741,-0.00275708724627716931,-0.00237767228787677618,-0.0025852953039666852,-0.00305291851575501417,-0.00290990123379616982,-0.00238196769423696005,-0.00227828972815215377,-0.00293225866621873955,-0.00262689049207477611,-0.00243266214410726035,-0.00240613988225458651,-4.6952463467016523,5.00029275891706071,-5.00091408392384196,-5.00065637306995114,4.99991771110885352,-0.0000351827500234470252,0.0000413405152549521901,-0.000011873893662665297,0.0000545750332945385181,0.0000196973019488638086,-0.0000160736653167859034,0.0000301072433192686353,-0.0000352163330024697589,0.0000334010071603800033,-0.0000225644545284138823,-5.00063279766880519,-5.00154709255989171,5.00055064035444196,4.99935526994195722,4.99961300082820248,5.00076156385513926,5.00005834824183814,4.99954267101613503,-3.79830315571145105,5.00008178710937478,-0.00298008083197262444
4/23/2014 2:52:35.575 PM,19,3316.88747632954437,3320.86392798499991,3321.22997409113577,3319.29919154967046,3318.28153536742957,3319.85234398055809,3319.94458141351833,3319.94466227020711,3320.67973909250076,3317.16675058409464,3318.74479267504148,3318.00350205571794,3319.29919161728639,3318.55954399444954,3318.83717448706829,3318.74460259361831,3317.44611404563056,3321.04688877466424,3320.22070645337589,3319.11450135496443,3320.22059120643052,3319.02210655168301,3320.40419511688151,3320.31251628202744,3321.22997409113577,3320.12862702697066,3320.68012693259015,3319.85251734984649,3319.94443996288509,3319.39147214450531,3318.55959015723829,3319.66816211419563,3320.21983069085672,3320.40369994518278,3320.31173591194692,3320.86274773295099,3321.22960987614351,3320.21993164281366,3320.40375178229896,3321.2293002960605,3318.74405904854938,3320.49552690557584,3321.77803551881561,3320.77070122972145,3320.49567080331644,3319.667416740514,17.9238717728308323,17.9099477799935904,17.5883786572378256,18.0491077755035469,17.9708941323415132,17.8417348169873904,17.6516864746708499,17.9289277233404114,16.2489718147269819,16.2938643405169969,16.1887380826196789,16.5478324432216617,16.5177278502976144,16.5214595999722533,16.5262904221662232,16.8235931237800535,17.4458283103833054,17.3956734767221555,17.2273749335296529,17.30769469891192,17.3459769286295824,17.298249728259357,17.2833420587988655,17.4122548869669842,3321.25215838475423,3321.70915262763946,3320.61052315700635,3322.2568189584108,3320.33486451461658,3320.42675825202923,5.00043335976624448,4.99987082841716201,0.616950297984078855,-5.00016405096516614,4.99982397048368288,4.99982397873487372,-0.00246792283217575409,-0.00233638271129896734,-0.00246358593957529248,-0.00241111923885273206,-0.00287521362304687467,-0.00219817918076072776,-0.00276865362683372668,-0.00267688840489119836,-0.00267908592803844199,-0.00263107236744451311,-0.0024981540372864936,-0.00270410858966646127,-0.00265851084816475783,-0.002759528766973452,-0.0023833168491802512,-0.00258972066395293452,-0.00304010023165691371,-0.00292104197759007365,-0.00234656398451417317,-0.00230392930119709951,-0.00292203503793057656,-0.00263650285331500133,-0.00242350601228240141,-0.00242826720083132814,-4.69818203287406799,5.00029275891706071,-5.00091408392384196,-5.00065637306995114,4.99991771110885352,-0.0000135827885156469805,0.000044863109163125656,0.0000138215846658226195,0.0000581723812527338625,0.0000148286832275810284,-0.0000148929671147177354,0.0000527380376816690124,-0.0000326472351072310614,0.0000374584459670614632,-0.0000224637748367646604,-5.00063279766880519,-5.00154709255989171,5.00055064035444196,4.99935526994195722,4.99961300082820248,5.00076156385513926,5.00005834824183814,4.99954267101613503,-3.79936908474993373,5.00008178710937478,-0.00296024394126424839
4/23/2014 2:52:36.575 PM,20,3316.88755582071098,3320.86400605246035,3321.23005202508875,3319.29927018311491,3318.28161436493383,3319.85242241478818,3319.94465981443818,3319.9447406710974,3320.67981722698095,3317.1668299768271,3318.74487150720824,3318.00358115214157,3319.29927025073084,3318.55962289280978,3318.83725328618629,3318.74468142585328,3317.44619333966738,3321.04696677544643,3320.22078475441821,3319.11458005471468,3320.22066950751468,3319.02218528456478,3320.40427335142294,3320.31259454980863,3321.23005202508875,3320.12870536134551,3320.68020506692937,3319.85259578401382,3319.94451836385587,3319.39155074478094,3318.55966905558216,3319.66824061486249,3320.22062089573273,3320.40448947744244,3320.31252578075509,3320.86353558130122,3321.2303963739364,3320.22072184732087,3320.40454131436899,3321.23008679499526,3318.74485461379026,3320.496316101523,3321.77881998961902,3320.77148941625728,3320.4964599987361,3319.668208959813,17.9094077145916906,17.8973781347346659,17.5772539031575299,18.0376837557245011,18.0330931254477171,17.8279510965959105,17.6357735835415426,17.9111985730066756,16.2286308143916216,16.2814362571315883,16.1868189933025981,16.5183555643865567,16.5101728267611598,16.5066692376992812,16.5181242169243561,16.8139089471012468,17.4405334365232356,17.3927377200208504,17.2130946090804961,17.3049111532637632,17.3736403702584674,17.294019142306503,17.2939530431058159,17.4055145861288949,3321.2528217730387,3321.70981459140921,3320.61118853586185,3322.2574792075452,3320.33553074527935,3320.42742419895785,5.00043335976624448,4.99987082841716201,0.616334482123884864,-5.00016405096516614,4.99982397048368288,4.99982397873487372,-0.00247921460073282978,-0.00233287302529806102,-0.00246816379088082242,-0.0024097458512707926,-0.0028773498535156249,-0.00221282658836488046,-0.00276163557077910944,-0.00268528172246747677,-0.00267893332226432817,-0.00262893618704249143,-0.00251158366020221621,-0.00271173852067723526,-0.00265561154233792196,-0.00276517478358360557,-0.0023831642934693466,-0.00258392191638474617,-0.00304849315576876528,-0.00290486500714961073,-0.0023604507844485422,-0.00231094966048321594,-0.00293592086142643958,-0.0026316203841136171,-0.00244227608252336158,-0.0023887432317873554,-4.70259846004157555,5.00029275891706071,-5.00091408392384196,-5.00065637306995114,4.99991771110885352,0.000000256451839809926071,0.0000454168993704305398,0.0000282033594555941022,0.0000583264661313503665,0.0000237585541173069048,-0.00000864777533271892294,0.000135458177058915465,-0.0000261901441405883658,0.0000423383592065376972,-0.0000198033902574276006,-5.00063279766880519,-5.00154709255989171,5.00055064035444196,4.99935526994195722,4.99961300082820248,5.00076156385513926,5.00005834824183814,4.99954267101613503,-3.79997956028428385,5.00008178710937478,-0.0029629905876700233
4/23/2014 2:52:37.575 PM,21,3316.88848981817591,3320.86492331926274,3321.23096772297822,3319.30019410106797,3318.28254256113086,3319.85334399167732,3319.94558099987853,3319.94566185619442,3320.68073528136074,3317.16776281754801,3318.74579776044629,3318.00451051079335,3319.30019416868344,3318.56054992391909,3318.83817915105009,3318.74560767989032,3317.44712502056336,3321.04788325868094,3320.22170476615338,3319.11550475185913,3320.22158951974006,3319.02311037105528,3320.40519258167432,3320.31351417067708,3321.23096772297822,3320.12962576478548,3320.68112311965205,3319.85351736016718,3319.94543954989694,3319.39247427295004,3318.56059608649775,3319.66916297247962,3320.22029436677803,3320.4041632264375,3320.31219939067568,3320.86321002614886,3321.23007137688364,3320.22039531851851,3320.40421506344228,3321.22976179747092,3318.74452586973666,3320.49598998949477,3321.77849583019269,3320.77116372135469,3320.49613388692523,3319.66788159842508,17.9064694494978731,17.8891125115865179,17.5710418065720972,18.0286602962589235,15.453109764767639,17.8136776341312881,17.625456229921582,17.912594414016521,16.2629158545263159,16.2829107329440141,16.1774785465051849,16.5066595214950347,16.5044883150872401,16.5018225556216578,16.5114487538536174,16.8223874885778635,17.4382002123738111,17.3819568160356113,17.2214950774821211,17.2950433497099922,17.3735142186422706,17.2981558212168203,17.2853031725850741,17.4113241104463583,3321.25276324056812,3321.70975618465399,3320.61112982772147,3322.25742095210807,3320.33547196196605,3320.42736544068429,5.00043335976624448,4.99987082841716201,0.615517564850475818,-5.00016405096516614,4.99982397048368288,4.99982397873487372,-0.00247829905193090467,-0.00234080796756097956,-0.00247167347688172874,-0.00241447640849747286,-0.00287796020507812478,-0.00220138330117413631,-0.00277277292060491495,-0.00268619735711216187,-0.00267328690862210418,-0.00263687057139285787,-0.00250654755160882028,-0.00270029362416107427,-0.00265408559190274517,-0.00275479832062440434,-0.00237721462074406195,-0.00258361671914431523,-0.00305215552265393703,-0.00292623081716531647,-0.00236212940861643293,-0.00228225775731387155,-0.00292859647101103952,-0.00263940181940332339,-0.0024395292429759039,-0.00239499992186767517,-4.70711318606495865,5.00029275891706071,-5.00091408392384196,-5.00065637306995114,4.99991771110885352,-0.00000162266848641635372,0.00003705970169655689,0.0000309722555995810997,0.0000476793535782353299,0.000026876606796799295,-0.0000047868617029585432,0.000154507173972495715,-0.0000232791104589364433,0.0000407208770195943544,-0.0000190391398708175837,-5.00063279766880519,-5.00154709255989171,5.00055064035444196,4.99935526994195722,4.99961300082820248,5.00076156385513926,5.00005834824183814,4.99954267101613503,-3.79961931716091428,5.00008178710937478,-0.00299076223466174978
4/23/2014 2:52:38.575 PM,22,3316.88829771870086,3320.86473466078268,3321.23077938717642,3319.30000407464558,3318.28235165480236,3319.85315444674188,3319.94539153545247,3319.94547239183884,3320.68054646089967,3317.1675709559804,3318.74560725372612,3318.00431936538279,3319.30000414226106,3318.56035925721425,3318.83798872420675,3318.74541717300599,3317.44693339753666,3321.04769476135743,3320.22151554312313,3319.11531456518059,3320.22140029660931,3319.02292010429982,3320.4050035193718,3320.31332502803616,3321.23077938717642,3320.1294364611931,3320.6809342995316,3319.85332781538318,3319.94525008534719,3319.3922843266946,3318.56040541983247,3319.66897326697153,3320.22034007954334,3320.40420890028417,3320.312245083996,3320.86325560256136,3321.23011687515099,3320.22044103126245,3320.40426073727803,3321.22980729580422,3318.74457189266286,3320.49603564388144,3321.77854121117434,3320.77120931733543,3320.49617954128189,3319.66792742774896,17.9046071723760391,17.8803250122172663,17.5669713654844521,18.0150082970642202,16.2244934022208333,17.8001757638577871,17.6146173157196877,17.9167387332899608,16.2318180609552698,16.2604837441507861,16.1759941561339531,16.5145394376485477,16.4949307197211183,16.4950829976369171,16.5003659307216139,16.7944090631206144,17.4406177408613629,17.3745567576617041,17.2101341256446538,17.2870340746717375,17.3697667184318725,17.2932662269103936,17.28612253659632,17.4110781167648945,3321.25301038645921,3321.71000279985855,3320.61137771517542,3322.25766692854631,3320.33572016675088,3320.4276135397672,5.00043335976624448,4.99987082841716201,0.61444827903574839,-5.00016405096516614,4.99982397048368288,4.99982397873487372,-0.0024747894481901918,-0.00233531454599434371,-0.00247335202236042325,-0.00241661278918048946,-0.00287536621093749997,-0.00221709874891609171,-0.00277201008842506555,-0.0026817717896628515,-0.00267511817791147395,-0.00263198787333109377,-0.00250410580198777997,-0.00269525786969396306,-0.00264538767442223845,-0.00276532737862712329,-0.00237629928647863347,-0.00257064583642599908,-0.00304711976818682583,-0.00291585313801483084,-0.00235297327679157443,-0.00229996127203538174,-0.00293134311741681444,-0.00262231317719847836,-0.00243052571334812645,-0.0023815709285245493,-4.71128707149025416,5.00029275891706071,-5.00091408392384196,-5.00065637306995114,4.99991771110885352,-0.0000305238749335667647,0.0000241196230784852816,-0.00000916910647019288464,0.0000322556097880084944,0.0000256754773505141688,-0.00000595993265565934557,0.00011477776068526333,-0.0000261718261520305117,0.0000353465635644863817,-0.0000197942375581867592,-5.00063279766880519,-5.00154709255989171,5.00055064035444196,4.99935526994195722,4.99961300082820248,5.00076156385513926,5.00005834824183814,4.99954267101613503,-3.80024413528467431,5.00008178710937478,-0.00295658174605654836
4/23/2014 2:52:39.575 PM,23,3316.88858917977859,3320.86502090102249,3321.23106513783386,3319.30029239039095,3318.28264130558272,3319.8534420319529,3319.94567899851154,3319.94575985479105,3320.68083294690495,3317.16786205609423,3318.74589629820229,3318.00460937890966,3319.30029245800642,3318.56064854442638,3318.83827764749003,3318.74570621773091,3317.44722413572481,3321.04798075708322,3320.22180263992459,3319.11560312407436,3320.22168739356402,3319.02320878468981,3320.40529037230999,3320.3136120028671,3321.23106513783386,3320.12972368022747,3320.68122078501983,3319.85361540036501,3319.94553754859362,3319.39257252080733,3318.56069470698412,3319.66926109581118,3320.22077763246898,3320.40464608077582,3320.31268245083765,3320.86369185065677,3321.23055237543076,3320.22087858398344,3320.40469791766463,3321.23024279671562,3318.74501241367124,3320.49647263815404,3321.77897558909126,3320.77164575268716,3320.49661653526254,3319.66836609607844,17.9001867641071257,17.8786415673222514,17.5585914085696544,18.0150747297430058,15.6461816615133635,17.792635189062846,17.5952862235517422,17.899850874976881,16.2233585146999175,16.2636726646343526,16.1634938511045227,16.4980091538580993,16.4805264585999538,16.4933217013462148,16.4937289314819146,16.7912016926290768,17.4439794494999738,17.36437221826084,17.1940080504588373,17.2848403300334112,17.365744621966261,17.307666532483907,17.2714480411048541,17.4042432808138052,3321.25320549961907,3321.71019749403058,3320.61157341381613,3322.25786111839806,3320.33591611593101,3320.42780940549346,5.00043335976624448,4.99987082841716201,0.613437279063090868,-5.00016405096516614,4.99982397048368288,4.99982397873487372,-0.00247829905193090467,-0.00233317821538509647,-0.00246984233635951693,-0.00241371341539639529,-0.00287704467773437474,-0.00222091317797967324,-0.00277734991368401357,-0.00269352243426964136,-0.00267252387975153334,-0.00260314943790379907,-0.00250196927106936936,-0.00270334559656538369,-0.00265423818694626289,-0.00278745365993718439,-0.00238697818624196466,-0.00258071734536022062,-0.00306115884124665049,-0.0029166162026582486,-0.00237433758438291122,-0.00225814434933112492,-0.00292584982460526418,-0.00263573996750228511,-0.00242304820569115868,-0.00239957798778010463,-4.71572502061223186,5.00029275891706071,-5.00091408392384196,-5.00065637306995114,4.99991771110885352,-0.0000741481646840904161,0.0000208990965561144741,-0.0000561747055628497306,0.0000306598396589701937,0.000025110778627355979,-0.00000742131363444656224,0.0000887116761408032567,-0.0000287241325577578389,0.0000454344642606018852,-0.0000205950987417601316,-5.00063279766880519,-5.00154709255989171,5.00055064035444196,4.99935526994195722,4.99961300082820248,5.00076156385513926,5.00005834824183814,4.99954267101613503,-3.80103953867396837,5.00008178710937478,-0.00302234866832816387
4/23/2014 2:52:40.575 PM,24,3316.88904624354199,3320.8654697775446,3321.23151324660011,3319.30074452168992,3318.28309553046347,3319.85389301763962,3319.94612979264047,3319.94621064875218,3320.68128220883227,3317.16831855379814,3318.74634957228545,3318.00506417264432,3319.30074458930539,3318.56110219916536,3318.83873073152017,3318.7461594922056,3317.44768006586218,3321.04842925016191,3320.22225285969489,3319.1160556366749,3320.22213761357397,3319.02366148781902,3320.40574020965641,3320.3140620313643,3321.23151324660011,3320.13017409168014,3320.68167004613633,3319.85406638569156,3319.94598834301678,3319.39302446136343,3318.56114836162851,3319.66971246355115,3320.2210453883099,3320.40491360870783,3320.31295009280575,3320.86395880801319,3321.23081887516446,3320.22114633969977,3320.40496544553207,3321.23050929683631,3318.7452819858172,3320.49674005212955,3321.77924140200002,3320.77191282463445,3320.49688394905933,3319.66863453448604,17.8999571752836317,17.8678354729356563,17.5503717601775655,18.0114225140842414,14.867164930049892,17.7812991786673713,17.6030442033660108,17.9079848403989423,16.230817851830448,16.2508772349827097,16.161740739062374,16.5139958688200927,16.4763362066454135,16.4829621879507755,16.4929655760205414,16.7841198506863733,17.4331484721193028,17.3584874539641234,17.1967241712201577,17.2697465027073882,17.3712014390485301,17.2796294578735541,17.266628399682709,17.3992723469976802,3321.25335508746593,3321.7103467606671,3320.61172345051181,3322.25800999840521,3320.33606634469879,3320.42795957028283,5.00043335976624448,4.99987082841716201,0.61338723258089467,-5.00016405096516614,4.99982397048368288,4.99982397873487372,-0.00248089310686969242,-0.00235454152147756939,-0.00247380980749097642,-0.00240791466782820695,-0.00287963867187499998,-0.00221709874891609171,-0.00276255096939492925,-0.00268818123217564589,-0.00268076459155369793,-0.00263885416748044959,-0.00250532667679830012,-0.00269861503933870386,-0.00266491983999249957,-0.00274961008914480351,-0.0023831642934693466,-0.0025814803384612982,-0.00304635677508574869,-0.00291570052508614711,-0.00235114205042660264,-0.00228836241756266842,-0.00293515790409150206,-0.00264642036888031304,-0.00244410730888833337,-0.00241041274377285387,-4.7187487788961997,5.00029275891706071,-5.00091408392384196,-5.00065637306995114,4.99991771110885352,-0.0000461094301982055248,0.0000246215431286321266,-0.0000205637094001062912,0.000034129037817128035,0.0000398845181953864825,-0.00000708418921240901032,0.000131014123300515702,-0.0000265366594241410595,0.0000511978889965311322,-0.0000201969563247836566,-5.00063279766880519,-5.00154709255989171,5.00055064035444196,4.99935526994195722,4.99961300082820248,5.00076156385513926,5.00005834824183814,4.99954267101613503,-3.80255664895590861,5.00008178710937478,-0.00301563464378071374
4/23/2014 2:52:41.575 PM,25,3316.88944368840975,3320.8658601029042,3321.23190290433012,3319.30113767735702,3318.28349050667975,3319.85428517709806,3319.9465217855236,3319.94660264148933,3320.68167286933476,3317.16871550642918,3318.74674372170193,3318.0054596435275,3319.30113774497203,3318.56149667959425,3318.83912471566873,3318.74655364196132,3317.448076524945,3321.04881924208439,3320.22264435312354,3319.11644912391648,3320.22252910721135,3319.02405514074098,3320.40613137053515,3320.31445335846501,3321.23190290433012,3320.13056575179371,3320.6820607059335,3319.85445854483714,3319.94638033615547,3319.39341745116326,3318.56154284197509,3319.67010495523845,3320.22149600423881,3320.40536384109327,3320.31340051710003,3320.8644080801896,3321.23126737721804,3320.22159695541813,3320.40541567780974,3321.23095779954064,3318.74573565836635,3320.49719009274076,3321.7796887482109,3320.7723622896533,3320.49733398936996,3319.66908629909176,17.8966125596724268,17.8612933274309107,17.5475573944458141,18.0006232319195867,16.3047507555509945,17.773541287734897,17.5965796175742461,17.8898914392329722,16.2437613470154716,16.2572757265602519,16.1664643352510886,16.4970963849183398,16.4799935368244874,16.4762613192809972,16.4893104526748146,16.7774211432796534,17.4365918829831763,17.3693129988462722,17.1956005807237062,17.2737987909880957,17.3487654271102052,17.2848240274273124,17.2607866604205604,17.4007369312187663,3321.25418107266978,3321.71117097223214,3320.61255191414056,3322.25883207510833,3320.33689586889795,3320.42878874120924,5.00043335976624448,4.99987082841716201,0.612839772891505152,-5.00016405096516614,4.99982397048368288,4.99982397873487372,-0.0024747894481901918,-0.00232860036407956652,-0.00246740081566323424,-0.00241188223195380963,-0.00287979125976562484,-0.00221130081673944802,-0.00276926389257760655,-0.00267231023166777373,-0.00267694944720084415,-0.00261566135168707012,-0.00250929451993249075,-0.00270273520208452181,-0.00265576413738143969,-0.00277967131271778358,-0.00238438473915658427,-0.00258727908602948654,-0.00305062953645178188,-0.00289876049000226599,-0.00234854781307622601,-0.00228607316996936932,-0.00293988823956811479,-0.00263131522978853061,-0.00242899969137731677,-0.00240064620315967115,-4.72212574145422703,5.00029275891706071,-5.00091408392384196,-5.00065637306995114,4.99991771110885352,-0.0000348469202332197492,0.0000220738030564581614,-0.0000165477415087999042,0.0000304157448017559204,0.000041764812322226732,-0.00000436583753787997141,0.000151584659224097528,-0.0000248193479968424672,0.000043202033657301783,-0.0000187096426981473974,-5.00063279766880519,-5.00154709255989171,5.00055064035444196,4.99935526994195722,4.99961300082820248,5.00076156385513926,5.00005834824183814,4.99954267101613503,-3.80412365313930589,5.00008178710937478,-0.00295871802659437334
4/23/2014 2:52:42.575 PM,26,3316.88966228203844,3320.86607478071073,3321.2321172149318,3319.30135391186922,3318.28370774251789,3319.85450086368291,3319.94673738049004,3319.94681823637483,3320.68188773147403,3317.1689338293213,3318.74696050278908,3318.00567715143915,3319.30135397948424,3318.56171364274268,3318.83934140585688,3318.74677042323583,3317.44829457637934,3321.04903373649631,3320.22285967338302,3319.1166655407992,3320.22274442758589,3319.02427164875052,3320.40634650788797,3320.31466858724206,3321.2321172149318,3320.13078116373208,3320.68227556768533,3319.8546742312501,3319.94659593126243,3319.39363359444632,3318.5617598050785,3319.67032082455307,3320.22218171890381,3320.40604897208186,3320.31408594013555,3320.86509174993034,3321.23194987498482,3320.22228266976299,3320.40610080863325,3321.23164029829831,3318.7464260245988,3320.4978749318866,3321.78036948701537,3320.7730462528616,3320.49801882805832,3319.66977376181375,17.8938474028839387,17.857461189721068,17.5389310673026699,17.984622565827074,15.7806545407693175,17.7503874250683893,17.5702321694940053,17.8643936978957747,16.2304115281429375,16.257248056250134,16.1601914006415797,16.5032354590355368,16.4692266404369825,16.4693028553313994,16.4831886602057231,16.7750333306574113,17.43102948959557,17.3684692573808661,17.1936145766374224,17.2724221029167175,17.3279016703425483,17.2746168642053206,17.250277169910607,17.4018714701642914,3321.25444122294402,3321.71143056384835,3320.6128128450664,3322.25909099428827,3320.33715713388119,3320.42904989491899,5.00043335976624448,4.99987082841716201,0.612031552720185057,-5.00016405096516614,4.99982397048368288,4.99982397873487372,-0.00247921460073282978,-0.00233165226494991967,-0.00247289423722987008,-0.00241356081677618004,-0.00287445068359374993,-0.00221313174268996694,-0.00276895875970566662,-0.00268650256866038995,-0.0026793911395866705,-0.00262451124192401766,-0.0024986118653404386,-0.00269968322968021195,-0.00265545894729440424,-0.00275907098184289884,-0.00237385839510415768,-0.00258361671914431523,-0.00303384368822807874,-0.00289692913485806256,-0.00235236286800325064,-0.00227798449513971378,-0.00292874906247802668,-0.00263070492113835763,-0.00241984355955245827,-0.00239896757899178042,-4.72496297613279381,5.00029275891706071,-5.00091408392384196,-5.00065637306995114,4.99991771110885352,-0.0000308871817066308185,0.0000286277499726613718,-0.0000174971645526587326,0.000038272548018340311,0.000028465394285468691,-0.00000839607610359586333,0.0000555613548015314899,-0.000031926727557288903,0.0000387951576611769033,-0.0000205554370450498311,-5.00063279766880519,-5.00154709255989171,5.00055064035444196,4.99935526994195722,4.99961300082820248,5.00076156385513926,5.00005834824183814,4.99954267101613503,-3.80502387949588305,5.00008178710937478,-0.00296970461221747386
4/23/2014 2:52:43.575 PM,27,3316.8894039442348,3320.86582107070808,3321.23186393889955,3319.30109836211886,3318.2834510093794,3319.85424596148504,3319.94648258656889,3319.94656344254872,3320.6816338036233,3317.16867581147971,3318.74670430708511,3318.00542009675882,3319.30109842973388,3318.56145723187501,3318.8390853175797,3318.74651422731085,3317.44803687935245,3321.04878024323352,3320.22260520411555,3319.11640977551951,3320.2224899581829,3319.02401577577575,3320.40609225478374,3320.31441422609077,3321.23186393889955,3320.13052658611695,3320.68202164029253,3319.8544193292555,3319.94634113717484,3319.39337815251246,3318.56150339426403,3319.67006570640069,3320.22243641509703,3320.40630345149065,3320.31434052801387,3320.865345686615,3321.23220337638486,3320.22253736583707,3320.40635528798111,3321.23189380006624,3318.74668244843815,3320.49812930290181,3321.78062233511627,3320.77330029854374,3320.49827319890346,3319.67002910725568,17.8895762122457462,17.849535289867493,17.5316133689968794,17.9750263504738896,16.5303686216026655,17.7523529775003119,17.5774466271257061,17.8670424355889423,16.2212636394520508,16.2598250377859195,16.1610928377425189,16.4988077020943145,16.4695950485728559,16.465634674100766,16.4810430827344305,16.7728130030060001,17.4270251284875641,17.3640841459812449,17.1848885728828726,17.2814321288934636,17.3331071691029379,17.2735801121682186,17.2502299275910609,17.4032703921151963,3321.25456479647391,3321.71155387204226,3320.61293678936772,3322.25921398310765,3320.33728123684295,3320.42917394503138,5.00043335976624448,4.99987082841716201,0.611435724936721714,-5.00016405096516614,4.99982397048368288,4.99982397873487372,-0.00248470789354438004,-0.00234004499234339138,-0.00247670911331781185,-0.00242225893812846255,-0.00287902832031249967,-0.00221557297729065928,-0.00276392406731865853,-0.00269947405946009298,-0.00267725465874907222,-0.0026284784340992011,-0.00250502145809566998,-0.00270456638552710746,-0.00266491983999249957,-0.00276776889932340599,-0.00239063952330367813,-0.00258499010672625425,-0.00306039584814557291,-0.00291219042772642399,-0.00234900561966746918,-0.00228454700490717021,-0.00293637863582740235,-0.00262414410314899729,-0.00243052571334812645,-0.00240476646248085789,-4.72709029158981852,5.00029275891706071,-5.00091408392384196,-5.00065637306995114,4.99991771110885352,-0.00000929027319692374829,0.0000493971711358807706,-0.0000041106049149707776,0.0000584073225528025946,0.0000294345393914293689,-0.00000671197944328157698,0.000105674470620409442,-0.0000287088675672929628,0.0000530564675849245233,-0.0000197606776609703519,-5.00063279766880519,-5.00154709255989171,5.00055064035444196,4.99935526994195722,4.99961300082820248,5.00076156385513926,5.00005834824183814,4.99954267101613503,-3.80642991100026595,5.00008178710937478,-0.00302326421713008898
4/23/2014 2:52:44.575 PM,28,3316.8898543837231,3320.8662634415964,3321.23230555315785,3319.30154394061901,3318.28389865112376,3319.85469041097394,3319.94692684727579,3319.94700770309054,3320.68207655433161,3317.16912569311171,3318.74715101180982,3318.00586829911344,3319.30154400823403,3318.561904311739,3318.83953183500534,3318.74696093242073,3317.44848620164248,3321.04922223623498,3320.22304889878705,3319.11685572979604,3320.22293365309042,3319.02446191781973,3320.40653557257337,3320.31485773226086,3321.23230555315785,3320.13097046969323,3320.68246439020185,3319.85486377838924,3319.94678539817186,3319.39382354303416,3318.56195047403434,3319.67051053240675,3320.22293274164621,3320.40679935556772,3320.31483664347843,3320.86584053302476,3321.23269737450618,3320.22303369215433,3320.40685119193904,3321.23238779890471,3318.74718214184531,3320.49862499574055,3321.78111506008053,3320.77379535736872,3320.49876889141114,3319.67052669906843,17.8801864502471233,17.8405969281221388,17.5209999694368328,17.9675361910794784,16.8043176474593672,17.7367217220516338,17.5539809363041179,17.8489114325257994,16.213615290650516,16.2361808028789234,16.1604474725298033,16.4843069200259649,16.4633897956009534,16.4606478913487386,16.4771982288954604,16.7664577701909323,17.4127289611503819,17.3681293981149949,17.1839101365734201,17.2728433755143378,17.3208630920108568,17.2725256517633845,17.24354423420424,17.367212595752882,3321.25529322102011,3321.71228073239262,3320.61366739967024,3322.25993896069394,3320.33801278247756,3320.42990517910993,5.00043335976624448,4.99987082841716201,0.610748806452431903,-5.00016405096516614,4.99982397048368288,4.99982397873487372,-0.00247372130792127953,-0.0023302789095582606,-0.00246114441887901022,-0.0024021159202600186,-0.00286499023437499986,-0.00219375444304697326,-0.00275477008116046217,-0.00266925811618549079,-0.00266794570652810871,-0.00262847843409920066,-0.00250425841133909482,-0.00269571566555460969,-0.00265011812077128612,-0.00275052565940590984,-0.00238499496200020311,-0.00259185704463595111,-0.00304223661233993031,-0.00289876049000226599,-0.00236747048551426724,-0.00231064442747077594,-0.00292935942834597705,-0.00262338121733628107,-0.00242808407819483088,-0.00238523338125449288,-4.72930461069257113,5.00029275891706071,-5.00091408392384196,-5.00065637306995114,4.99991771110885352,0.0000087254685497233296,0.0000503613458218771444,0.0000261869802900997149,0.0000565979694237018022,0.0000380820609195761521,-0.00000388532082773594897,0.000147656433134083447,-0.0000256039685067371117,0.0000452223604643895062,-0.0000192969408994345331,-5.00063279766880519,-5.00154709255989171,5.00055064035444196,4.99935526994195722,4.99961300082820248,5.00076156385513926,5.00005834824183814,4.99954267101613503,-3.80758387912480689,5.00008178710937478,-0.00297611345383094923
4/23/2014 2:52:45.575 PM,29,3316.89053003897561,3320.866926993594,3321.23296797017656,3319.30221230417555,3318.28457010963711,3319.85535708096358,3319.94759323408516,3319.94767408965117,3320.68274067607672,3317.16980051155542,3318.74782106475231,3318.00654059856697,3319.30221237179012,3318.56257492740769,3318.84020160699128,3318.74763098594121,3317.44916018104822,3321.04988522138546,3320.22371443651718,3319.1175246570333,3320.22359919117525,3319.02513112671658,3320.40720054496432,3320.31552298723136,3321.23296797017656,3320.13163629078962,3320.68312851074824,3319.85553044784683,3319.94745178541552,3319.39449162461414,3318.56262108956298,3319.67117776718942,3320.22273029244252,3320.40659707868735,3320.31463428037477,3320.86563868755865,3321.23249587505051,3320.22283124304567,3320.40664891510732,3321.23218629915663,3318.74697831932644,3320.49842280502252,3321.78091407993588,3320.77359342526006,3320.49856670082817,3319.67032373377378,17.8758321430991884,17.8280987076718063,17.5192303875535593,17.9548901915298877,17.4404896405259535,17.7241500902690312,17.5592103938684332,17.8371827565306411,16.224710426892706,16.2552763778955054,16.1439768304437514,16.4790343809070769,16.4604762227345951,16.4629133501570379,16.4821302877626756,16.762098621428624,17.4151156799389959,17.3581871130618701,17.18271984697747,17.2665539994028378,17.3501969669876743,17.2733146731238385,17.2211956131439514,17.3835249037243571,3321.25532573886084,3321.71231318038872,3320.61370001510931,3322.25997132462134,3320.33804543968062,3320.42993782240137,5.00043335976624448,4.99987082841716201,0.609591634132384486,-5.00016405096516614,4.99982397048368288,4.99982397873487372,-0.00247585758845910451,-0.00233882423199525003,-0.00246907936114192875,-0.00241493420435811906,-0.00287185668945312469,-0.00220321422712465524,-0.00276560229811432775,-0.00268772341485330312,-0.00267725465874907222,-0.00262939393998578176,-0.00250593711420355999,-0.00270380339242603032,-0.00265301742659812155,-0.00277036301506320597,-0.00238285918204753696,-0.00258499010672625425,-0.00305749647436147874,-0.00290944339501011907,-0.00238654576014938908,-0.00228057897574545244,-0.00293882009929920252,-0.00263772347061534728,-0.00243907143638466117,-0.00239530512626183727,-4.73199867095062387,5.00029275891706071,-5.00091408392384196,-5.00065637306995114,4.99991771110885352,0.00000637008052099290798,0.0000457784648776791791,0.0000222900718801775524,0.0000545735077016809291,0.0000314613499437376863,-0.00000472889460776656585,0.000144134154262384739,-0.0000262496776034013833,0.0000389111280821275598,-0.0000196691506685619681,-5.00063279766880519,-5.00154709255989171,5.00055064035444196,4.99935526994195722,4.99961300082820248,5.00076156385513926,5.00005834824183814,4.99954267101613503,-3.80869085238191962,5.00008178710937478,-0.00296100689859918592
4/23/2014 2:52:46.575 PM,30,3316.89070226434296,3320.86709613377524,3321.23313682104526,3319.30238267084905,3318.28474126523224,3319.85552701593769,3319.9477630968754,3319.9478439523782,3320.68290996148971,3317.16997252361534,3318.74799186206019,3318.00671196852272,3319.30238273846407,3318.56274586815698,3318.84037233268145,3318.74780178339642,3317.44933197923273,3321.05005421707437,3320.22388408287224,3319.11769516739241,3320.22376883762081,3319.02530170887257,3320.40737004721131,3320.31569256150942,3321.23313682104526,3320.1318060093763,3320.68329779585565,3319.85570038268588,3319.94762164831627,3319.39466191941073,3318.56279203027679,3319.67134784613244,3320.22265192413033,3320.40651877707705,3320.3145559453892,3320.86556055293749,3321.23241787436063,3320.22275287476986,3320.40657061351566,3321.23210829835352,3318.74689941943961,3320.49834453676339,3321.78083628025797,3320.77351525710173,3320.49848843262134,3319.67024516569608,17.86983396861892,17.8281084159207417,17.5161962269896776,17.9431861275571052,19.4552219524006382,17.7261375655126763,17.5489505557806389,17.8285246490507383,16.2173355958195131,16.2372373760785784,16.1408637371320935,16.481175856230994,16.4495184036684847,16.4517272076156153,16.4760457252654362,16.7549514904885015,17.4080395412925988,17.33687872373795,17.1725199193497211,17.2440264419146523,17.3081029775935988,17.2516210864398296,17.212368602782238,17.360697813471603,3321.25577449935644,3321.71276097721465,3320.61415012220595,3322.26041796151457,3320.33849612301628,3320.43038831379362,5.00043335976624448,4.99987082841716201,0.608329944006530954,-5.00016405096516614,4.99982397048368288,4.99982397873487372,-0.00248562344234630516,-0.00234416505851836815,-0.00247136828679469373,-0.00240913545678993072,-0.00287841796874999979,-0.00220504515307517416,-0.00277109468980924574,-0.00266834248154080569,-0.00267664423565261564,-0.00262710517526932967,-0.0024998327401509592,-0.00269815724347805723,-0.00265057590590183885,-0.00275128863462349802,-0.00238865629906191658,-0.00258300632466345291,-0.00305856466470298726,-0.00290379671664882507,-0.00233801826147763889,-0.0022937039952803653,-0.00293607345289342717,-0.00263558739033974187,-0.00244609113745038621,-0.00239225308232021748,-4.73576776046632464,5.00029275891706071,-5.00091408392384196,-5.00065637306995114,4.99991771110885352,0.000019760530156782448,0.000053641370465693926,0.0000451342282698740099,0.0000621877416539086355,0.0000406476245780326907,-0.00000147663547752194702,0.00017122426355680576,-0.0000241675329039922465,0.0000368206086518328626,-0.0000189171038809397375,-5.00063279766880519,-5.00154709255989171,5.00055064035444196,4.99935526994195722,4.99961300082820248,5.00076156385513926,5.00005834824183814,4.99954267101613503,-3.80974426979985336,5.00008178710937478,-0.00294651070923537253
4/23/2014 2:52:47.575 PM,31,3316.89094735617163,3320.86733683531474,3321.23337711088697,3319.3026251177157,3318.28498483475186,3319.85576884848615,3319.9480048267037,3319.94808568211647,3320.68315086969732,3317.17021731190334,3318.74823492172799,3318.00695584308141,3319.30262518533027,3318.56298913194587,3318.84061529043629,3318.74804484327387,3317.44957646317152,3321.05029471299758,3320.2241255047088,3319.1179378187262,3320.22401025958652,3319.02554446237445,3320.4076112639791,3320.31593388077908,3321.23337711088697,3320.13204753399986,3320.68353870362807,3319.85594221504106,3319.94786337830237,3319.39490426399379,3318.56303529401475,3319.6715898835514,3320.22331804700843,3320.40718433295524,3320.31522178497016,3320.86622468931864,3321.23308087225359,3320.22341899733646,3320.40723616923378,3321.23277129720872,3318.74757006098116,3320.49900980913753,3321.78149756944503,3320.77417967856581,3320.49915370455119,3319.67091298668583,17.8520700890992501,17.8181722632544961,17.502682579938444,17.9369044788508276,20.3610154779737264,17.7076070338353197,17.5371913293631607,17.8208012196958414,16.2059483444253196,16.2295011137592837,16.1373921081550264,16.4754220053703264,16.4356881932932595,16.4444470753302205,16.4624418405670099,16.7530037110833305,17.3997708193399703,17.3394168853597499,17.16188797612093,17.2496098446957369,17.3046292040742315,17.2444156498800325,17.2025770382315848,17.3548649447154872,3321.25643138421719,3321.71341645153143,3320.61480897811543,3322.2610717380121,3320.33915582237932,3320.43104773220466,5.00043335976624448,4.99987082841716201,0.607185741049247718,-5.00016405096516614,4.99982397048368288,4.99982397873487372,-0.00248241902153956747,-0.00233729828156007324,-0.00247304683227338781,-0.00241905436710393744,-0.00287094116210937465,-0.0022061131932129773,-0.0027739934520926747,-0.00269001250146501565,-0.00267725465874907222,-0.00262222247720756557,-0.0025002905682049042,-0.00270319299794516844,-0.00265286483155460383,-0.00276837927949747644,-0.00239124974614729697,-0.00258758428326991748,-0.00304589897922510206,-0.00291692142851561606,-0.00233862867026596267,-0.00229584062636744397,-0.00293058016008187691,-0.002634061618714309,-0.00242777887380066877,-0.00240980233498453008,-4.73957470419981508,5.00029275891706071,-5.00091408392384196,-5.00065637306995114,4.99991771110885352,0.0000214213611193609975,0.0000586468406314441006,0.0000430659513817249556,0.0000683374064628507157,0.0000343535231339667973,-0.00000231105655831172502,0.000142392854352242545,-0.0000261260311806358832,0.0000408017511289415205,-0.0000192557537528507619,-5.00063279766880519,-5.00154709255989171,5.00055064035444196,4.99935526994195722,4.99961300082820248,5.00076156385513926,5.00005834824183814,4.99954267101613503,-3.8106325948588351,5.00008178710937478,-0.00298298006984538695
4/23/2014 2:52:48.575 PM,32,3316.89116595103041,3320.8675515144605,3321.23359142283789,3319.30284135352394,3318.28520207185783,3319.85598453638249,3319.94822042298392,3319.94830127831619,3320.68336573317083,3317.17043563603329,3318.74845170409662,3318.00717335225363,3319.30284142113851,3318.56320609637032,3318.84083198190774,3318.7482616258294,3317.44979451585095,3321.05050920875419,3320.22434082628979,3319.11815423689995,3320.22422558128209,3319.02576097167229,3320.40782640265888,3320.3161491108799,3321.23359142283789,3320.13226294725746,3320.68375356671413,3319.85615790276506,3319.9480789747231,3319.39512040857607,3318.56325225839418,3319.67180575417251,3320.22367070011523,3320.40753668588513,3320.31557428809628,3320.86657629074807,3321.2334318709527,3320.2237716502791,3320.40758852207909,3321.23312229641715,3318.74792510632824,3320.49936201197715,3321.78184766353297,3320.77453143092225,3320.49950590715525,3319.67126653879586,17.8387556176046296,17.8196885478851357,17.4994047827332473,17.9301290768216823,19.6699168458435061,17.7026564884421909,17.5294265581064543,17.8103793476147132,16.2162193906891296,16.2124357062603117,16.1303793032686578,16.4623212908801051,16.42654306264998,16.4324838190946067,16.4563420036903558,16.7529982639704222,17.3846116315665213,17.3329340971907122,17.1459623985831264,17.2256211172836799,17.2954047355988827,17.221259717788147,17.1868082961607236,17.3445782824476673,3321.25659397831304,3321.71357869646817,3320.61497206011517,3322.26123356267862,3320.33931911316358,3320.43121095344349,5.00043335976624448,4.99987082841716201,0.60582288989383315,-5.00016405096516614,4.99982397048368288,4.99982397873487372,-0.0024717376188504417,-0.00234569100895354495,-0.00246709562557619879,-0.00241386601401661098,-0.00288299560546874997,-0.00220763896483840974,-0.00276255096939492925,-0.00268360305895222126,-0.0026761864183302733,-0.00263519214393412651,-0.00251478845657983168,-0.00270243000484409086,-0.00265622192251199285,-0.00276410661827898195,-0.00238270662633663236,-0.00258285372604323766,-0.00304513598612402448,-0.00291722665437298308,-0.00235831435368940873,-0.00230026650504782174,-0.00294522894091267746,-0.00264138532251638556,-0.00244136046934087568,-0.00240934452839328692,-4.74285794704121688,5.00029275891706071,-5.00091408392384196,-5.00065637306995114,4.99991771110885352,0.0000231753085237752913,0.0000598840964389489402,0.0000492295691487698809,0.0000690071417273323697,0.0000301060730081580275,-0.00000409278201052828914,0.000124741780942334743,-0.0000273853928939881833,0.000037450816334104185,-0.0000201771254764285064,-5.00063279766880519,-5.00154709255989171,5.00055064035444196,4.99935526994195722,4.99961300082820248,5.00076156385513926,5.00005834824183814,4.99954267101613503,-3.81217350773596575,5.00008178710937478,-0.00296268540473604855
4/23/2014 2:52:49.575 PM,33,3316.89174224639373,3320.86811748656464,3321.23415642688178,3319.30341142956285,3318.28577478768602,3319.85655316792281,3319.94878881299064,3319.94886966811145,3320.68393219123072,3317.17101121765472,3318.74902322106754,3318.00774678534662,3319.30341149717742,3318.56377809330888,3318.84140325924181,3318.74883314329326,3317.45036938183011,3321.05107469737595,3320.22490849208952,3319.1187247937205,3320.22479324738469,3319.02633176872905,3320.40839358626226,3320.31671653550483,3321.23415642688178,3320.1328308547495,3320.68432002375175,3319.85672653385199,3319.94864736510044,3319.39569024410775,3318.56382425521269,3319.67237486744306,3320.2242715176294,3320.40813699199088,3320.31617485008882,3320.86717531653266,3321.23402986987275,3320.22437246751224,3320.40818882804069,3321.23372029620486,3318.74852999947052,3320.49996206237528,3321.78244412127833,3320.77513071383828,3320.5001059571523,3319.67186888792866,17.8315074106161759,17.8102294903322935,17.4862162014222484,17.9234881773379584,19.1058173742654169,17.7008834856105395,17.5303160984684041,17.8022205167188368,16.1680061145448519,16.1960388616611475,16.1049927551326455,16.4356520072122549,16.4054215359203788,16.4239298748764284,16.4366643978230975,16.7318084905607485,17.376471210616387,17.3372760316629382,17.1402555523311513,17.2035507491940684,17.316644072896505,17.2386157133600335,17.1808760252062953,17.2981604176683632,3321.25722484588368,3321.71420820933144,3320.61560482070945,3322.26186144493203,3320.33995268382295,3320.43184425427261,5.00043335976624448,4.99987082841716201,0.604524885552239821,-5.00016405096516614,4.99982397048368288,4.99982397873487372,-0.0024760101799260921,-0.00233424638068972009,-0.00246999493140303466,-0.00241081404161230112,-0.00287384033203124962,-0.00220245134131193902,-0.00277170495555312561,-0.00266910551041137654,-0.00266901394694690807,-0.0026284784340992011,-0.00250715798901408058,-0.00269739425037698009,-0.00264782919511852115,-0.00276441180836601696,-0.00238133362493848965,-0.00257613938675375648,-0.00303002872272269174,-0.00288319397127653754,-0.00235541491194487,-0.00230652378180283817,-0.00293317421502066467,-0.00262719564639986259,-0.00242564244304153531,-0.00239118486694065097,-4.74685874100290661,5.00029275891706071,-5.00091408392384196,-5.00065637306995114,4.99991771110885352,0.0000204108187505861815,0.0000602624434676310661,0.0000401184660156616248,0.0000691383427130850442,0.0000291079298596567932,-0.00000496076298853447441,0.000107035767307391786,-0.0000288111430034076342,0.0000345408743241976276,-0.0000202427198209878468,-5.00063279766880519,-5.00154709255989171,5.00055064035444196,4.99935526994195722,4.99961300082820248,5.00076156385513926,5.00005834824183814,4.99954267101613503,-3.81283875975540232,5.00008178710937478,-0.00299472961280342499
4/23/2014 2:52:50.575 PM,34,3316.89217943347375,3320.86854684198351,3321.23458504788914,3319.30384389839991,3318.28620925917903,3319.85698454090288,3319.949220002733,3319.94930085769283,3320.68436191531645,3317.17144786326025,3318.74945678305766,3318.00818180098758,3319.30384396601448,3318.56421201942203,3318.84183663943258,3318.74926670565719,3317.45080548451915,3321.0515036860047,3320.2253391324175,3319.1191576272995,3320.22522388794232,3319.02676478456169,3320.40882386077601,3320.31714699286703,3321.23458504788914,3320.13326167843524,3320.68474974706168,3319.85715790648782,3319.94907855512383,3319.39612253048653,3318.56425818123534,3319.67280660588358,3320.22468947702918,3320.4085545956259,3320.31659263173378,3320.8675920295027,3321.23444586849655,3320.22479042671739,3320.4086064315752,3321.23413629543256,3318.74895079411226,3320.50037948812541,3321.78285904777249,3320.77554760568364,3320.50052338262366,3319.67228791281149,17.8206056174611866,17.8075400007151927,17.4927343671078326,17.9189738228028226,19.7186140891471702,17.700781063035528,17.5272469109389739,17.8015098794222553,16.1902106154184118,16.1984497087870167,16.0946838888687012,16.4297635543188924,16.4050905399394971,16.4134688593237534,16.4330576068717775,16.7224934125878448,17.3772724940654051,17.3137220831481926,17.1464623964288023,17.2234567170912349,17.2435311592748448,17.2174965309003234,17.1699548635960042,17.3215639604914777,3321.2576280797839,3321.71461057732312,3320.61600926460187,3322.2622627706628,3320.34035764549662,3320.43224904347471,5.00043335976624448,4.99987082841716201,0.602624034713216572,-5.00016405096516614,4.99982397048368288,4.99982397873487372,-0.00247753609459596715,-0.00233577233112489645,-0.00246923195618544648,-0.00241523940159855,-0.00287094116210937465,-0.00220031526103633317,-0.00277185752198909558,-0.00268650256866038995,-0.0026784755049419854,-0.00262435865760958726,-0.00250242709912331437,-0.0027028878007047375,-0.00265805306303420466,-0.0027529671801021921,-0.00238026573496215657,-0.00257949655639849685,-0.00307123035018087246,-0.00291280087944115846,-0.00236441844157264745,-0.00228668363599424931,-0.00293439494675656453,-0.00262231317719847836,-0.00243296734850142202,-0.0023837073592836832,-4.74921623452617236,5.00029275891706071,-5.00091408392384196,-5.00065637306995114,4.99991771110885352,0.0000182630345921780781,0.0000600534372461413417,0.0000285956451827190514,0.0000689552715701743409,0.000027706866541118363,-0.00000467397841232153423,0.000104471890139084237,-0.000028933262927126647,0.0000346873632769773968,-0.0000201984817746571273,-5.00063279766880519,-5.00154709255989171,5.00055064035444196,4.99935526994195722,4.99961300082820248,5.00076156385513926,5.00005834824183814,4.99954267101613503,-3.81325255871795088,5.00008178710937478,-0.00295047808737704774
4/23/2014 2:52:51.575 PM,35,3316.89172899753839,3320.86810447496418,3321.23414343752983,3319.30339832364325,3318.2857616210972,3319.85654009520203,3319.94877574582051,3319.94885660094632,3320.68391916846212,3317.17099798520303,3318.74901008203187,3318.00773360227367,3319.30339839125781,3318.5637649432424,3318.84139012571358,3318.74882000424622,3317.45035616582572,3321.05106169688724,3320.22489544156405,3319.11871167675144,3320.22478019685195,3319.0263186462389,3320.40838054681853,3320.31670349052183,3321.23414343752983,3320.13281779866883,3320.68430700100634,3319.85671346114122,3319.94863429792167,3319.39567714371605,3318.56381110514894,3319.67236178365055,3320.22473519031655,3320.40860026999689,3320.3166383255766,3320.86763760644544,3321.23449136729823,3320.22483613998338,3320.40865210593528,3321.23418179430018,3318.74899681754141,3320.50042514303777,3321.78290442929619,3320.77559320219325,3320.50056903750555,3319.67233374265015,17.817069866347861,17.7974585519972805,17.4814346568112278,17.9032667729932413,20.3720489514857696,17.6919948621311889,17.5035506177175861,17.7719706155355865,16.1572844373230246,16.160637127879184,16.0960937575902534,16.419524145558622,16.393780530065893,16.3981982232632681,16.4134420854439931,16.7113398281999075,17.3674619110313344,17.3128159478192423,17.1373337245329367,17.2044363499078159,17.2674419536309216,17.210271873280174,17.165623566740269,17.3235498354509119,3321.25808334348948,3321.71506486338557,3320.61646589443398,3322.2627158799728,3320.34081485992328,3320.43270606317537,5.00043335976624448,4.99987082841716201,0.600846621691561333,-5.00016405096516614,4.99982397048368288,4.99982397873487372,-0.0024718902103174293,-0.00233973980225635593,-0.00246892676609841103,-0.00242714209397535807,-0.00287582397460937498,-0.00222472760704325477,-0.00276544973167835778,-0.00269199637652849967,-0.0026793911395866705,-0.00262542674781059832,-0.00251021017604038119,-0.00271112812619637338,-0.00265393299685922788,-0.00276837927949747644,-0.00239109719043639236,-0.00258361671914431523,-0.00303613266753131102,-0.00290623852350776297,-0.00236014558005438009,-0.00228759933503156843,-0.002925544641671289,-0.00264260593981673151,-0.00243327255289558413,-0.00240232482732756231,-4.75177292060676137,5.00029275891706071,-5.00091408392384196,-5.00065637306995114,4.99991771110885352,0.0000127325285467533745,0.000058973317502968191,0.00000187595003360529507,0.0000696265324275135908,0.0000173698274817928874,-0.00000698350952075978681,0.0000780273284888263807,-0.0000307742207771907327,0.0000353374080049376465,-0.0000213471455293823621,-5.00063279766880519,-5.00154709255989171,5.00055064035444196,4.99935526994195722,4.99961300082820248,5.00076156385513926,5.00005834824183814,4.99954267101613503,-3.81374753063332994,5.00008178710937478,-0.00297977564903864926
4/23/2014 2:52:52.575 PM,36,3316.89253713545622,3320.86889813655079,3321.23493574160329,3319.30419774018764,3318.28656473942419,3319.85733748612301,3319.94957279803838,3319.9496536528668,3320.68471351150583,3317.17180512223922,3318.74981151919928,3318.00853772642358,3319.30419780780175,3318.56456705346863,3318.84219122683725,3318.74962144210485,3317.451162299315,3321.05185468048557,3320.22569147822423,3319.11951176749744,3320.2255762339364,3319.02711907386901,3320.40917590729395,3320.3174991889814,3321.23493574160329,3320.13361417425449,3320.68510134261669,3319.85751085142601,3319.94943135065887,3319.39647622299708,3318.56461321520782,3319.67315985010282,3320.22540131226651,3320.40926582494285,3320.31730416422715,3320.86830174188344,3321.23515436423986,3320.22550226162184,3320.40931766072117,3321.23484479220451,3318.74966745818846,3320.5010904144774,3321.78356571751965,3320.77625762271691,3320.50123430850089,3319.67300156272404,17.8226537399665794,17.8028165173876154,17.4774328899056179,17.8943226270845734,18.4732700156790876,17.6892879005980923,17.5071583398014106,17.7760328400298313,16.1654620995754215,16.1845066643577162,16.0893467886954156,16.4179573419909381,16.3992962577818133,16.3977731062666336,16.4069223191196869,16.7111431978496121,17.3673109045704663,17.3307796781270333,17.1227941521836691,17.2005564716244983,17.3099927964966973,17.2089797459588851,17.1699649818165412,17.3115287273905309,3321.25826545082009,3321.71524657968211,3320.61664854818263,3322.26289712559673,3320.3409977474962,3320.43288887286189,5.00043335976624448,4.99987082841716201,0.599841572367701525,-5.00016405096516614,4.99982397048368288,4.99982397873487372,-0.00247326353352031675,-0.00235606747191274618,-0.00246877417105489331,-0.00241935956434436838,-0.0028697204589843749,-0.00220962246795147191,-0.00277582424932431389,-0.00268253481853342191,-0.00268274846661718195,-0.00263275079490324446,-0.00250013795885358891,-0.00271265411239852809,-0.00265790046799068694,-0.00276364883314842878,-0.0023915548575691066,-0.0025759867881335408,-0.00305490229781781551,-0.00294179733589104492,-0.00240241638864581051,-0.00229431446130524486,-0.00293592086142643958,-0.0026415378996789288,-0.00244029225396130917,-0.00240949713059036797,-4.75387581398779257,5.00029275891706071,-5.00091408392384196,-5.00065637306995114,4.99991771110885352,0.0000183454655406884115,0.0000585888681028557088,0.0000163706786903310444,0.0000691703801630944081,0.0000108498465484637215,-0.0000108489995001405847,0.0000129231618221597131,-0.0000355781132764873288,0.0000349467707975249152,-0.0000222517373043519013,-5.00063279766880519,-5.00154709255989171,5.00055064035444196,4.99935526994195722,4.99961300082820248,5.00076156385513926,5.00005834824183814,4.99954267101613503,-3.81381863325742554,5.00008178710937478,-0.00301029394243615064
4/23/2014 2:52:53.575 PM,37,3316.89276235146644,3320.86911931792792,3321.23515654463426,3319.30442052550324,3318.28678855644693,3319.85755970688615,3319.94979492440279,3319.94987577914844,3320.6849348828091,3317.17203005929877,3318.75003486767354,3318.00876182377442,3319.30442059311735,3318.564790589528,3318.84241448165403,3318.74984479077193,3317.45138695667992,3321.05207567290381,3320.22591332154706,3319.11973474071646,3320.22579807737793,3319.02734214097972,3320.40939756216084,3320.31772093804647,3321.23515654463426,3320.13383611203835,3320.68532271351978,3319.85773307201179,3319.94965347716879,3319.39669891431549,3318.56483675122035,3319.67338225913999,3320.22513355503633,3320.40899829561567,3320.31703652086707,3320.8680347831164,3321.23488786308235,3320.22523450451717,3320.40905013145811,3321.23457829066001,3318.74939788470374,3320.50082299910309,3321.78329990316751,3320.77599054936172,3320.5009668933053,3319.67273312294673,17.8159622542626401,17.7950566106564771,17.4679219598136299,17.8931831341679874,19.3133777719188586,17.6813010072231229,17.5103545033189043,17.7716997582353677,16.1800049372365322,16.1992832174760366,16.0887389233526328,16.4053202289028235,16.3906907493389511,16.3920619482479886,16.4085236309229394,16.7103072569570514,17.3736989613233632,17.318292062206357,17.1473032379240955,17.2191224943299907,17.2779430827938185,17.2126279886584683,17.1739163536735226,17.3105332146367452,3321.25888330761017,3321.71586310965722,3320.61726825902178,3322.26351205853416,3320.34161825172213,3320.43350911281277,5.00043335976624448,4.99987082841716201,0.597959336378763528,-5.00016405096516614,4.99982397048368288,4.99982397873487372,-0.00247646795432705444,-0.00232997371947122516,-0.00247014752644655238,-0.00241478160573790381,-0.00287185668945312469,-0.00221008019943910164,-0.00277048442406536586,-0.00267200502011954565,-0.00266870873539867956,-0.00262802068115591033,-0.00251341497241799666,-0.00269769944761741104,-0.0026499655257277684,-0.00276990522993265324,-0.00237690950932225231,-0.00258834727637099506,-0.00305474969919760026,-0.00290745942693723192,-0.00234885301747038812,-0.00229904557299806219,-0.0029379045504972774,-0.00262765337788749233,-0.00243830842539925633,-0.00240217222513048126,-4.75498121820245689,5.00029275891706071,-5.00091408392384196,-5.00065637306995114,4.99991771110885352,0.0000206230021180479641,0.0000590160341029806853,0.0000256649502563381084,0.0000689644251273198754,0.0000134978256962460493,-0.00000976898098972164026,0.0000334784365721206451,-0.0000337860033959108428,0.0000409284030360323692,-0.0000216156247071136237,-5.00063279766880519,-5.00154709255989171,5.00055064035444196,4.99935526994195722,4.99961300082820248,5.00076156385513926,5.00005834824183814,4.99954267101613503,-3.81357984440182518,5.00008178710937478,-0.00296085430713219832
4/23/2014 2:52:54.575 PM,38,3316.89294782660135,3320.86930147070324,3321.23533838585626,3319.30460399905769,3318.28697287957129,3319.85774271555465,3319.94997785533769,3319.95005871001558,3320.68511719198068,3317.17221530472807,3318.75021880496706,3318.00894637773808,3319.3046040666718,3318.56497468129055,3318.84259834182466,3318.75002872822369,3317.45157197179241,3321.05225767007914,3320.22609601940894,3319.11991836900233,3320.22598077533666,3319.02752584658128,3320.40958010483609,3320.31790355829025,3321.23533838585626,3320.1340188876843,3320.68550502236257,3319.85791608053432,3319.94983640822283,3319.39688231046739,3318.56502084294425,3319.6735654228446,3320.22539478007183,3320.40925929829973,3320.31729763480643,3320.86829522913967,3321.23514786264286,3320.22549572943035,3320.40931113407987,3321.23483829059796,3318.74966088175051,3320.50108389061051,3321.7835592326528,3320.77625110718099,3320.50122778463855,3319.67299501390334,17.802570234020628,17.7876686814934537,17.4636530830743766,17.8817658959464687,20.3289119552779986,17.6602206055977895,17.478624626259684,17.7421145819364021,16.1780189314399223,16.1826737710794788,16.0910930483126862,16.4152867995699445,16.3852761424851678,16.3890082603557516,16.4022698679320946,16.6969755156526887,17.3643033207619375,17.3062324767613624,17.1396554923294317,17.2144452478014003,17.2742548470027017,17.1974440854197894,17.1594964767441915,17.2989317160939038,3321.25911093855711,3321.71609025177076,3320.6174965730479,3322.26373861225784,3320.34184685805212,3320.4337376217777,5.00043335976624448,4.99987082841716201,0.595375686735387433,-5.00016405096516614,4.99982397048368288,4.99982397873487372,-0.00247402649085525428,-0.00233012631451474288,-0.00247014752644655238,-0.00240409970232281995,-0.00286804199218749969,-0.00220901215930129893,-0.00276316123513880869,-0.00268451869359690593,-0.00267145563933273442,-0.00262802068115591033,-0.00249739099052991844,-0.00270258260346430655,-0.00264355653390002665,-0.00276639554393174692,-0.00237980806782944233,-0.00257354521021009326,-0.00304315220406122357,-0.00290104968393252016,-0.00236563925914929545,-0.00231812263627555193,-0.00293134311741681444,-0.00263085749830090088,-0.00243144132653061234,-0.00241346478771447322,-4.75612295025516118,5.00029275891706071,-5.00091408392384196,-5.00065637306995114,4.99991771110885352,0.0000216335444868227802,0.0000588055022886333786,0.0000384653709087498725,0.0000686043852129288252,0.00000110650425483699253,-0.0000136512509177106443,-0.0000293045055868104404,-0.000038531888931440902,0.0000318384583307290781,-0.0000233424339638851562,-5.00063279766880519,-5.00154709255989171,5.00055064035444196,4.99935526994195722,4.99961300082820248,5.00076156385513926,5.00005834824183814,4.99954267101613503,-3.81335127845569754,5.00008178710937478,-0.00300541101549255075
4/23/2014 2:52:55.575 PM,39,3316.89356386467261,3320.86990647340553,3321.23594235372047,3319.30521338878861,3318.28758509118733,3319.85835056114456,3319.95058544273251,3319.95066629718348,3320.68572271416087,3317.17283057982331,3318.75082973502776,3318.00955935609681,3319.30521345640272,3318.56558612442677,3318.84320901571754,3318.75063965881145,3317.45218648187938,3321.05286215594833,3320.2267028326396,3319.12052827267962,3320.2265875888911,3319.02813600706758,3320.41018640260881,3320.31851011370963,3321.23594235372047,3320.13462595927967,3320.68611054345001,3319.85852392563902,3319.95044399601374,3319.39749144310099,3318.56563228595268,3319.67417378339496,3320.22566253712739,3320.40952682745182,3320.31756527799143,3320.86856218772936,3321.23541436362165,3320.22576348636084,3320.40957866316739,3321.23510479196329,3318.74993045506653,3320.50135130580884,3321.78382504682349,3320.77651818035929,3320.50149519965816,3319.67326345350829,17.8069039704982721,17.7913196750591638,17.459314191790483,17.8835900789016158,20.1928139398591035,17.6647077924172606,17.4878286212270453,17.7446226867580314,16.1842606643392877,16.1910500277427047,16.0715928886151147,16.411022138179586,16.388778224588755,16.3871027238924043,16.3970118852735247,16.7076340701163808,17.3541865091569356,17.2895700305363746,17.1171255517402727,17.1872024035143802,17.2623091536023985,17.1979827072944253,17.1420723063776705,17.2898815407968414,3321.25947515093457,3321.7164536820519,3320.61786187830239,3322.2641011011583,3320.34221263097151,3320.43410323891885,5.00043335976624448,4.99987082841716201,0.593833858373826295,-5.00016405096516614,4.99982397048368288,4.99982397873487372,-0.00248043533246872965,-0.00235896677773958161,-0.00248418627045017765,-0.00242698949535514238,-0.00288894653320312476,-0.00221008019943910164,-0.00278055380883938204,-0.00269474328046255454,-0.00268549537055123638,-0.00263870158316601962,-0.00251768803425481743,-0.00271570608480283795,-0.00265744268286013377,-0.00277204156054190049,-0.00239735197458348622,-0.00258849987499121031,-0.00307626610464798323,-0.00293050397916845736,-0.00238563014696690319,-0.00229034643214352709,-0.00294736522145050287,-0.00265389664984493285,-0.00244761715942119588,-0.00241239657233490671,-4.75673533381070346,5.00029275891706071,-5.00091408392384196,-5.00065637306995114,4.99991771110885352,0.000021963268280864107,0.0000590770578172842553,0.0000384714765231798341,0.0000680841580484909011,0.00000971892288938204802,-0.000013826677653160048,0.0000264491400023441163,-0.0000351339020539594255,0.0000343699705459545534,-0.0000218856293347183594,-5.00063279766880519,-5.00154709255989171,5.00055064035444196,4.99935526994195722,4.99961300082820248,5.00076156385513926,5.00005834824183814,4.99954267101613503,-3.81417231540904344,5.00008178710937478,-0.00305912321187215303
4/23/2014 2:52:56.575 PM,40,3316.89370959386451,3320.87004959205842,3321.23608522757103,3319.3053575452418,3318.28772991518872,3319.85849435231375,3319.95072917282323,3319.95081002722054,3320.68586595570195,3317.17297612852507,3318.75097425586318,3318.00970436148009,3319.30535761285591,3318.56573076663562,3318.84335347595333,3318.75078417977147,3317.45233184960943,3321.0530051523383,3320.22684637959309,3319.12067255071269,3320.22673113592145,3319.02828034585127,3320.41032982762499,3320.31865359967469,3321.23608522757103,3320.13476956735212,3320.68625378473234,3319.85866771669361,3319.95058772619768,3319.39763553873535,3318.56577692813152,3319.67431769638369,3320.22643314184506,3320.41029677619235,3320.31833555495541,3320.86933049421532,3321.23618135295964,3320.22653409071881,3320.41034861172283,3321.2358717824145,3318.75070628754974,3320.50212092655601,3321.78459005931336,3320.77728681666531,3320.50226481989102,3319.6740360228182,17.8086216147108089,17.786722258639756,17.4512155531161461,17.8799072471708626,20.9823445523763041,17.6549378593878536,17.4841454797046154,17.7530314673681211,16.1693831338299603,16.1827169855214379,16.0655438429633577,16.4174621788346862,16.380444155684934,16.3789971282058957,16.3835717818973343,16.6884150039931605,17.3400581347605112,17.2661556178442019,17.1087022558202193,17.1774115652659809,17.2464269224480624,17.1856018477234862,17.1165253495462828,17.2716451352780957,3321.25986537619019,3321.71684306931774,3320.61825327453743,3322.26448947976769,3320.34260452829357,3320.4344949693309,5.00043335976624448,4.99987082841716201,0.592784713216568004,-5.00016405096516614,4.99982397048368288,4.99982397873487372,-0.00247234798471839164,-0.00233165226494991967,-0.00246541708009750471,-0.00240364190646217332,-0.00287139892578124967,-0.00221923482919169756,-0.00276865362683372668,-0.00267139459702308863,-0.0026825958608430677,-0.00262542674781059832,-0.00250624233290619013,-0.00270059882140150521,-0.00265729008781661648,-0.00277036301506320597,-0.00238896141048372621,-0.00259307783359767488,-0.00305612308677953972,-0.00294011859367552479,-0.00237281156241210111,-0.00229461969431768486,-0.00292981720274693939,-0.00263375646438922251,-0.00244654894404162894,-0.00239622073944432317,-4.75750737668805357,5.00029275891706071,-5.00091408392384196,-5.00065637306995114,4.99991771110885352,0.0000177547104096976955,0.0000588955122672311411,0.0000352980834232079709,0.000068555566241485961,0.0000213379806715531485,-0.0000116590133829547935,0.0000600374570245350867,-0.0000323755182769562647,0.0000303903539954373525,-0.0000213913835757130816,-5.00063279766880519,-5.00154709255989171,5.00055064035444196,4.99935526994195722,4.99961300082820248,5.00076156385513926,5.00005834824183814,4.99954267101613503,-3.81497290654344345,5.00008178710937478,-0.0029631431791370109
4/23/2014 2:52:57.575 PM,41,3316.89417990023866,3320.87051147337888,3321.23654631883437,3319.30582277587927,3318.28819730021996,3319.85895840406283,3319.9511930274507,3319.9512738816752,3320.68632823362259,3317.17344585239743,3318.75144066247912,3318.01017233188849,3319.30582284349338,3318.56619756496411,3318.84381968699608,3318.75125058678986,3317.45280098942976,3321.05346663907767,3320.22730964317816,3319.12113817372755,3320.22719439975344,3319.02874616492863,3320.41079269767851,3320.319116666431,3321.23654631883437,3320.13523302818748,3320.68671606181851,3319.85913176807207,3319.95105158112755,3319.39810057308932,3318.5662437263627,3319.67478214128368,3320.22692293718182,3320.4107861546131,3320.31882514198332,3320.86981882887857,3321.23666885049078,3320.22702388582683,3320.41083799002626,3321.23635928065368,3318.75119940546574,3320.50261009651603,3321.78507630043168,3320.77777536095027,3320.50275398952453,3319.67452706677886,17.8141319701064766,17.7923876112854984,17.4514023542532861,17.8752256585908,20.3319322339324948,17.6618957952332707,17.4822782007642594,17.745386501310417,16.163023173709707,16.1787150279683303,16.0623032762779978,16.408969709335679,16.3750709115436095,16.3669970014368218,16.3808639753745879,16.6854039053301193,17.3307632238535483,17.2454435524541552,17.0767918689786455,17.1614939276927316,17.2241888607139586,17.1681586872654108,17.0948226537979586,17.261209569759977,3321.26030112878515,3321.7172778861709,3320.61869033470748,3322.26492317030351,3320.34304214800295,3320.43493240265934,5.00043335976624448,4.99987082841716201,0.591750673552411621,-5.00016405096516614,4.99982397048368288,4.99982397873487372,-0.00248547085087931757,-0.00234614879408409768,-0.00247625132818725868,-0.00241615499331984326,-0.00287963867187499998,-0.00221953998351678405,-0.0027771973472480436,-0.0026866551744345042,-0.00267954374536078475,-0.00262512157918173795,-0.00251707759684955713,-0.00270075142002172046,-0.00265530635225088652,-0.0027840965689797958,-0.00239231763612363048,-0.00259170444601573586,-0.0030715355474213034,-0.00292546775252189827,-0.00237067513165296765,-0.00229080428166218708,-0.00294278747744087773,-0.00264611521455522655,-0.00243586679024596076,-0.00240354564490420988,-4.75779586246072927,5.00029275891706071,-5.00091408392384196,-5.00065637306995114,4.99991771110885352,0.000018056957220902248,0.0000583951178099418819,0.0000421272131631185635,0.0000683313040914203593,0.0000200925910550745431,-0.0000115186719945952695,0.0000569684350093764691,-0.0000319282540563353869,0.0000399167137058970505,-0.0000220030889749757899,-5.00063279766880519,-5.00154709255989171,5.00055064035444196,4.99935526994195722,4.99961300082820248,5.00076156385513926,5.00005834824183814,4.99954267101613503,-3.81706951846983733,5.00008178710937478,-0.00298923631999187473
4/23/2014 2:52:58.575 PM,42,3316.89416665352337,3320.87049846410991,3321.2365333318321,3319.30580967221567,3318.28818413583803,3319.85894533362397,3319.95117996256749,3319.951260816797,3320.68631521317638,3317.17343262209942,3318.75142752567262,3318.01015915100833,3319.30580973982932,3318.56618441711771,3318.84380655570112,3318.75123744997154,3317.45278777559178,3321.05345364092954,3320.2272965949528,3319.1211250590054,3320.22718135152081,3319.02873304468084,3320.41077966054354,3320.3191036237531,3321.2365333318321,3320.13521997440284,3320.6867030413955,3319.85911869764368,3319.95103851623616,3319.39808747495772,3318.56623057851902,3319.67476905976445,3320.22697518444965,3320.41083835742074,3320.31887736703674,3320.86987092037998,3321.23672085272028,3320.22707613307011,3320.41089019282117,3321.23641128295821,3318.75125200705315,3320.50266227709335,3321.78512816867669,3320.77782747480569,3320.50280617006683,3319.6745794471999,17.8043654670744971,17.7921275138386932,17.4563931576564606,17.8814313557475835,19.9849790246562122,17.6525823199680545,17.4749429583616091,17.7310593905687099,16.1657320732787077,16.1672593776112556,16.049017961303349,16.4093185612653549,16.3726777196318132,16.3635377404016573,16.3690238495413567,16.67844316741974,17.318033467163918,17.2226662857466302,17.057204859606248,17.1388680857144848,17.2067364200411354,17.1493353138791242,17.0811786138760304,17.2416318619527722,3321.26045721877471,3321.71743364096346,3320.61884689309135,3322.26507852163149,3320.34319890682218,3320.43508909471393,5.00043335976624448,4.99987082841716201,0.591357015247332196,-5.00016405096516614,4.99982397048368288,4.99982397873487372,-0.00246197176496324149,-0.00232722700868790745,-0.00247106309670765828,-0.00239570677821096837,-0.00287002563476562462,-0.00219528021467240569,-0.00275705857770001126,-0.00267231023166777373,-0.00266245189865999942,-0.00260833730459442354,-0.00249082878842337222,-0.00269205329866943795,-0.00264370912894354394,-0.00274472704775223855,-0.00237706206503315734,-0.0025743082033111704,-0.00304834055714855003,-0.00290455978129224328,-0.00231894298684251661,-0.00229629847588610396,-0.0029224928123315389,-0.00262551729761188691,-0.0024244216254648873,-0.00239927278338594252,-4.75754889421724325,5.00029275891706071,-5.00091408392384196,-5.00065637306995114,4.99991771110885352,0.0000188354717346109434,0.0000595591451602824388,0.000041342641708868665,0.0000684777610057489111,0.0000184198618643140622,-0.0000106201820191196219,0.0000543862444327238622,-0.0000322457658580048155,0.0000402020619784993242,-0.0000216873208511668606,-5.00063279766880519,-5.00154709255989171,5.00055064035444196,4.99935526994195722,4.99961300082820248,5.00076156385513926,5.00005834824183814,4.99954267101613503,-3.81936311212950974,5.00008178710937478,-0.0029814541551755119
4/23/2014 2:52:59.575 PM,43,3316.89439849625159,3320.87072615378247,3321.23676063205312,3319.30603901290442,3318.288414538516,3319.85917409318972,3319.95140862496418,3319.9514894791082,3320.68654309834892,3317.17366417768835,3318.75165744604964,3318.01038984224305,3319.30603908051807,3318.56641453058591,3318.84403637967216,3318.75146737054683,3317.45301904327743,3321.0536811360962,3320.22752496600014,3319.12135459311275,3320.22740972269002,3319.02896267543565,3320.41100783760339,3320.31933189777555,3321.23676063205312,3320.13544844268335,3320.68693092615694,3319.85934745702707,3319.95126717878156,3319.39831671889032,3318.56646069193902,3319.67499801313079,3320.22760211959439,3320.41146475890036,3320.31950403553992,3320.87049598581643,3321.23734484660144,3320.22770306792199,3320.41151659415027,3321.23703527774523,3318.7518831952043,3320.50328841173677,3321.78575055430928,3320.77845280856445,3320.50343230429189,3319.67520798062241,17.813490546992643,17.7911368849884965,17.4576093819227758,17.8787678006358952,19.5952901318027912,17.6526569929825214,17.4779088994595426,17.7403348393852198,16.1562143654236721,16.1630692666644684,16.0442179348880955,16.4088605378541992,16.3678778049938955,16.35988010370599,16.3637656187985101,16.6731881933876806,17.3076093024824615,17.2088928498610407,17.0438076646414878,17.1262359777093032,17.1949399339475271,17.1322089852210908,17.0680133161725713,17.2457448564577724,3321.26135473768954,3321.71832923251213,3320.61974710524418,3322.26597179328246,3320.34410027146941,3320.4359900754689,5.00043335976624448,4.99987082841716201,0.590582210257722284,-5.00016405096516614,4.99982397048368288,4.99982397873487372,-0.00248150347273764236,-0.00233790866173414413,-0.00247854025384002365,-0.00241676538780070515,-0.00288665771484374967,-0.00220367195861228497,-0.00277857044517177288,-0.00268741820330507504,-0.00267923853381255624,-0.00261917079091896279,-0.00250532667679830012,-0.00270258260346430612,-0.00265896863329531056,-0.00278043428793537176,-0.00237706206503315734,-0.00258300632466345291,-0.00304650937370596394,-0.00292790955938083616,-0.00238395152279901245,-0.00228912550009376797,-0.00293927787370016486,-0.00263879151075315042,-0.00244471771767665715,-0.00241376999210863533,-4.75811334944864672,5.00029275891706071,-5.00091408392384196,-5.00065637306995114,4.99991771110885352,0.0000118028906274424029,0.000060811656896363176,0.0000400665682930069579,0.0000681741680270886637,0.0000217103765862844956,-0.00000791403394357836845,0.0000879928748632598875,-0.0000299957062634820407,0.0000407178251664114472,-0.0000203739085101065343,-5.00063279766880519,-5.00154709255989171,5.00055064035444196,4.99935526994195722,4.99961300082820248,5.00076156385513926,5.00005834824183814,4.99954267101613503,-3.82187077656516116,5.00008178710937478,-0.00298542153331718711
4/23/2014 2:53:00.575 PM,44,3316.89500128369582,3320.87131814295435,3321.23735160862088,3319.306635294849,3318.28901358171697,3319.85976886416938,3319.95200314329577,3319.95208399721877,3320.68713559583784,3317.17426621854929,3318.75225523522931,3318.01098963571303,3319.30663536246265,3318.56701282181802,3318.84463391818826,3318.75206516024263,3317.45362033556602,3321.05427261953946,3320.22811872680131,3319.12195137796152,3320.22800348380769,3319.02955971157553,3320.41160109402062,3320.31992540630426,3321.23735160862088,3320.13604245629767,3320.6875234225763,3319.85994222753197,3319.95186169750104,3319.39891274926139,3318.56705898304608,3319.67559328800644,3320.22751722255816,3320.41137993413349,3320.31941917461244,3320.8704113419767,3321.2372603478725,3320.22761817092578,3320.41143176940386,3321.23695077889351,3318.75179772222463,3320.50320362310503,3321.78566627336977,3320.77836812838859,3320.50334751571654,3319.67512286714691,17.8125061368420923,17.790456135421163,17.4535802063313561,17.88371623746702,19.6297682432222622,17.6545631066164006,17.4726638885531003,17.7299976160480419,16.1479200104899441,16.1349694024688262,16.0312733122932833,16.3922672655478152,16.3556949785520658,16.3482304393791082,16.3486092193344099,16.6456282194167748,17.2992135821051995,17.2016384008768881,17.0245968338076565,17.1110649299678137,17.1816699169472322,17.1263231751538889,17.0585511699805323,17.220302334450114,3321.26123766710407,3321.71821241328552,3320.61962968341822,3322.26585527660699,3320.3439826993399,3320.43587255340526,5.00043335976624448,4.99987082841716201,0.589084935471774762,-5.00016405096516614,4.99982397048368288,4.99982397873487372,-0.00247158502738345411,-0.00232264915738237751,-0.00246267036931418657,-0.00240715167472712937,-0.00286254882812499991,-0.00219619567764766516,-0.0027581265427518006,-0.0026709367797007463,-0.00267801768761964307,-0.0026284784340992011,-0.00249372836609835797,-0.00269418967935245455,-0.00264798179016203887,-0.00274762635357907398,-0.00237279050512782461,-0.0025852953039666852,-0.00303994763303669802,-0.00292760433352346871,-0.00234381714496671592,-0.00230408191770331951,-0.0029308853430158521,-0.00262887399518783828,-0.00242548984084445425,-0.00240537687126918167,-4.75894980555143032,5.00029275891706071,-5.00091408392384196,-5.00065637306995114,4.99991771110885352,0.0000206382671085128403,0.0000609550626249765631,0.0000396025415963299765,0.0000683450344271386543,0.0000125485213562341726,-0.00000963321595098253704,0.0000636253589428035686,-0.0000316107422546659583,0.0000366298678279008679,-0.0000218978329337061457,-5.00063279766880519,-5.00154709255989171,5.00055064035444196,4.99935526994195722,4.99961300082820248,5.00076156385513926,5.00005834824183814,4.99954267101613503,-3.82357067857170785,5.00008178710937478,-0.00296466909380688594
4/23/2014 2:53:01.575 PM,45,3316.8948621768859,3320.87118152787297,3321.23721522720006,3319.3064976891992,3318.28887533890019,3319.85963160717892,3319.95186594460437,3319.95194679857786,3320.68699886346075,3317.17412728401495,3318.75211728178146,3318.01085121976984,3319.30649775681286,3318.5668747525201,3318.84449602258109,3318.75192720667519,3317.45348157376702,3321.05413612115626,3320.22798170291162,3319.12181365626565,3320.22786645984524,3319.02942193189346,3320.41146418651897,3320.31978844062723,3321.23721522720006,3320.13590537407071,3320.68738669044614,3319.85980497065065,3319.95172449872006,3319.39877520166282,3318.56692091377681,3319.67545591474072,3320.22761518080597,3320.41147780899427,3320.31951709119675,3320.87050900807662,3321.23735784653854,3320.22771612912765,3320.411529644241,3321.23704827770097,3318.75189634501794,3320.50330145627185,3321.78576352074196,3320.77846583641485,3320.50344534881787,3319.67522107513059,17.8138819705766842,17.795409181404068,17.4585337531611984,17.8844838651786517,19.0507104575449837,17.6500053729646851,17.4807347050281194,17.733426543706166,16.1465565319502673,16.1432022468646323,16.0195497863043847,16.3813105062652084,16.3517411134176953,16.3512079281754445,16.3472449626249769,16.6762446522283589,17.2938234897797898,17.1987599111326794,17.0177579571246724,17.1011072429338604,17.1628036329625146,17.1142321122334202,17.0545307875052074,17.2117927049147923,3321.26143278063909,3321.71840710783681,3320.61982538242682,3322.26604946684392,3320.34417864888519,3320.43606841949758,5.00043335976624448,4.99987082841716201,0.588651606174710573,-5.00016405096516614,4.99982397048368288,4.99982397873487372,-0.00248394493620944252,-0.0023453858188665095,-0.00246984233635951693,-0.0024169179864209204,-0.00288055419921875002,-0.00221618328594083225,-0.00278162177389117181,-0.00268634996288627612,-0.00267969635113489858,-0.00263381888510425552,-0.0025100575666890659,-0.00270029362416107427,-0.00265790046799068694,-0.00275678205619013387,-0.00238545262913291735,-0.00258773688189013317,-0.00305688607988061686,-0.00290013400636041866,-0.00239646490295965286,-0.00228469962141339021,-0.00293470012969053971,-0.00262124513706067566,-0.00243983444737006601,-0.00239622073944432317,-4.75927110848872292,5.00029275891706071,-5.00091408392384196,-5.00065637306995114,4.99991771110885352,0.0000244972566980335835,0.0000610588029392926342,0.0000369542313373346973,0.0000681924751413797326,0.0000171683673967742912,-0.0000090672740479240223,0.0000715321729957805889,-0.0000314855693328539743,0.0000339167703482921263,-0.000020836119821768879,-5.00063279766880519,-5.00154709255989171,5.00055064035444196,4.99935526994195722,4.99961300082820248,5.00076156385513926,5.00005834824183814,4.99954267101613503,-3.82485037322469257,5.00008178710937478,-0.00300647915576146303
4/23/2014 2:53:02.575 PM,46,3316.89528611860032,3320.87159787549262,3321.23763086268627,3319.30691705579465,3318.2892966474028,3319.86004991115896,3319.95228407090462,3319.95236492472258,3320.68741556856412,3317.17455070068035,3318.75253770836934,3318.01127305591398,3319.30691712340831,3318.5672955321861,3318.84491627288525,3318.75234763362596,3317.45390446398414,3321.05455211311209,3320.22839929646397,3319.12223337653813,3320.22828405361997,3319.02984182889122,3320.41188142535384,3320.320205856764,3321.23763086268627,3320.13632314541928,3320.68780339479735,3319.86022327429691,3319.95214262529316,3319.39919439133473,3318.56734169335504,3319.67587457309537,3320.22806578875861,3320.41192803336753,3320.31996750749658,3320.87095827214943,3321.23780634041577,3320.22816673686975,3320.41197986850556,3321.2374967722294,3318.75235000988004,3320.50375148885223,3321.78621085866734,3320.77891529334829,3320.50389538109766,3319.67567283186872,17.8106892980569391,17.7903884272514645,17.4523710719091802,17.8901902859735173,17.5395077458381578,17.6500827907336841,17.4879633108646075,17.7456703393485213,16.1249362691884634,16.1467070407612461,16.01475234708521,16.3746882486596235,16.3479339468935656,16.3499905977817512,16.3458748629081647,16.660560922706118,17.2865516003826975,17.1845611050248053,17.0066001790174432,17.0870600851557768,17.1615444896440508,17.0997254442897919,17.0525104292036929,17.1968345577323731,3321.26192056096124,3321.71889384065616,3320.62031462649611,3322.26653493882349,3320.34466851932256,3320.43655808129324,5.00043335976624448,4.99987082841716201,0.589034126085886678,-5.00016405096516614,4.99982397048368288,4.99982397873487372,-0.00248867527168605525,-0.00232524327312217793,-0.00247625132818725868,-0.00242210633950824686,-0.00288040161132812472,-0.00223220388800787414,-0.00277338318634879483,-0.00268772341485330312,-0.00268076459155369793,-0.00262863101841363106,-0.0025111258321482712,-0.00270487158276753841,-0.00265561154233792196,-0.00278348618880572534,-0.00238865629906191658,-0.00257659718261440268,-0.00306253222882858995,-0.00294072904539025926,-0.00240806266993780693,-0.0023045397672219795,-0.00292996979421392698,-0.00261834617097235359,-0.00241999616174953932,-0.00239591553505016106,-4.75937093372434727,5.00029275891706071,-5.00091408392384196,-5.00065637306995114,4.99991771110885352,0.0000213206121822928134,0.0000614035869251077936,0.000021421548227515702,0.0000684762354128913288,0.000014831735653111613,-0.00000909015579602611739,0.0000703082268713861576,-0.0000308123832533529249,0.0000333445478764961355,-0.0000215042668663500897,-5.00063279766880519,-5.00154709255989171,5.00055064035444196,4.99935526994195722,4.99961300082820248,5.00076156385513926,5.00005834824183814,4.99954267101613503,-3.8264022719149886,5.00008178710937478,-0.00296695796581169851
4/23/2014 2:53:03.575 PM,47,3316.89572992892044,3320.87203373541706,3321.2380659770647,3319.3073560763396,3318.28973770096536,3319.86048781923227,3319.95272179296216,3319.95280264661732,3320.68785180274471,3317.17499396131688,3318.7529778386397,3318.01171466187452,3319.3073561439528,3318.56773603210012,3318.8453562186005,3318.75278776427603,3317.45434717347279,3321.05498760068576,3320.22883646077798,3319.12267276735428,3320.22872121816681,3319.03028140472406,3320.41231821830706,3320.32064283533827,3321.2380659770647,3320.13676049587093,3320.68823962819033,3319.86066118202097,3319.95258034763628,3319.39963322665471,3318.5677821931772,3319.67631285217021,3320.22868619483006,3320.41254791133951,3320.32058764970725,3320.87157682801262,3321.23842383589908,3320.22878714265152,3320.41259974632885,3321.23811426860902,3318.75297462460139,3320.50437110277062,3321.78682676267499,3320.77953411473572,3320.50451499460223,3319.67629481954873,17.8153217620553263,17.7944902154225914,17.448863490375949,17.890563891425284,17.9377288170355165,17.6592053044064947,17.4838486039650398,17.742470322877061,16.1169351185639513,16.1074762128043787,16.0106322190765304,16.379401685275468,16.3463273770095903,16.3417574056685026,16.3379448081292473,16.6365689603199378,17.2861851077845969,17.1821393375637186,16.999456791220922,17.0786249968801123,17.1401658045816099,17.0893854139884311,17.0448365187508202,17.202176265179304,3321.26247337755558,3321.7194454700666,3320.62086910202288,3322.26708513926496,3320.34522370474178,3320.43711303024974,5.00043335976624448,4.99987082841716201,0.588436162172085719,-5.00016405096516614,4.99982397048368288,4.99982397873487372,-0.00247539981405814217,-0.00234141834773505045,-0.00247411499757801143,-0.00240898285816971546,-0.00287933349609374983,-0.00220504515307517416,-0.00278131664101923188,-0.00268604475133804761,-0.00268320628393952428,-0.0026284784340992011,-0.00251448323787720196,-0.00270578717448883167,-0.0026635464846008405,-0.00276517478358360557,-0.00237965551211853773,-0.00259490901704026097,-0.00307245113914259623,-0.00291524268630009636,-0.00237632141294496363,-0.00230988134493967639,-0.0029397356481011272,-0.0026282636865376653,-0.00242854188478607361,-0.00240537687126918167,-4.75935185397747684,5.00029275891706071,-5.00091408392384196,-5.00065637306995114,4.99991771110885352,0.0000202627483430768815,0.0000610542261607198602,0.0000380883492176998273,0.0000682870618985502692,0.0000233846319898102654,-0.00000547178869614795838,0.0001244594492303485,-0.0000274250818691968628,0.0000371151124839838714,-0.000020473062751882282,-5.00063279766880519,-5.00154709255989171,5.00055064035444196,4.99935526994195722,4.99961300082820248,5.00076156385513926,5.00005834824183814,4.99954267101613503,-3.82694774805477866,5.00008178710937478,-0.00297550308796299887
4/23/2014 2:53:04.575 PM,48,3316.89581604349814,3320.87211830757087,3321.23815040457839,3319.30744126167246,3318.2898232807156,3319.86057278873931,3319.95280672638136,3319.95288758000424,3320.68793644750667,3317.17507996925223,3318.75306323926634,3318.01180034879325,3319.30744132928612,3318.5678215044395,3318.84544158342214,3318.75287316497588,3317.45443307448249,3321.05507210060113,3320.22892128599141,3319.12275802452222,3320.22880604342526,3319.03036669778612,3320.41240297147442,3320.32072762451707,3321.23815040457839,3320.13684535719585,3320.68832427279949,3319.86074615146026,3319.95266528111051,3319.39971837605298,3318.56786766549885,3319.67639789365375,3320.22898660044074,3320.41284806123167,3320.32088792754984,3320.87187633770827,3321.23872283213404,3320.22908754812169,3320.4128998961487,3321.23841326527781,3318.75327706814005,3320.50467112480191,3321.78712498827962,3320.77983375300436,3320.50481501643298,3319.6765959910117,17.8176296446814426,17.7951254377428292,17.4499550369495111,17.8885363852741825,16.4803976974065698,17.6591557487959427,17.4829620486250405,17.7459942821514893,16.0978519884442797,16.1137481195777674,16.0001469559730935,16.3623736578387238,16.3389652164255921,16.3369087389964491,16.3331714651075828,16.6432960311372149,17.2926699485334687,17.1723357184052858,16.9965786928798792,17.0799343888639754,17.1456624289004225,17.0906949424131511,17.0450042222242182,17.1948095175279327,3321.26275954358243,3321.71973102157835,3320.62115612675324,3322.26736995110786,3320.34551109692938,3320.43740030003846,5.00043335976624448,4.99987082841716201,0.587986201574535627,-5.00016405096516614,4.99982397048368288,4.99982397873487372,-0.00247906200926584219,-0.00234599619904058039,-0.00247625132818725868,-0.00242653169949449618,-0.00288330078124999969,-0.00220672350186315027,-0.00277368831922073476,-0.00268604475133804761,-0.00268961572645231867,-0.00263961708905260028,-0.00250776842641934044,-0.00270700796345055544,-0.00265576413738143969,-0.00276609035384471147,-0.00239491108320901086,-0.00258407451500496143,-0.00306375301779031372,-0.00294011859367552479,-0.00235678833171859862,-0.0023024031361349004,-0.00293500531262451446,-0.00263726573912771755,-0.00242686326061818288,-0.00239973058997718569,-4.75936452292939815,5.00029275891706071,-5.00091408392384196,-5.00065637306995114,4.99991771110885352,0.0000185026949424766386,0.0000605324734034243538,0.000037680799454499974,0.0000680826324556333188,0.0000261150266269183824,-0.00000462211311662345004,0.000125483473980309419,-0.0000272296899912464436,0.0000417905515602049979,-0.0000196523707199537628,-5.00063279766880519,-5.00154709255989171,5.00055064035444196,4.99935526994195722,4.99961300082820248,5.00076156385513926,5.00005834824183814,4.99954267101613503,-3.82725916534185906,5.00008178710937478,-0.00300220659468581307
4/23/2014 2:53:05.575 PM,49,3316.89660430124831,3320.87289244425756,3321.23892321706716,3319.30822101208241,3318.2906066420619,3319.86135056323746,3319.95358417048828,3319.95366502382194,3320.68871124892666,3317.17586725068395,3318.75384496071046,3318.01258469127788,3319.30822107969561,3318.56860388242512,3318.84622297706937,3318.75365488709485,3317.45521937699504,3321.05584557593874,3320.22969773946397,3319.12353843258779,3320.22958249731209,3319.03114743446894,3320.41317876535686,3320.32150374808952,3321.23892321706716,3320.13762214127655,3320.68909907282113,3319.86152392533767,3319.95344272572447,3319.40049779747687,3318.56865004332075,3319.67717632710446,3320.22926088414715,3320.41312211145759,3320.32116209459945,3320.87214980341059,3321.23899582902731,3320.22936183170031,3320.41317394630914,3321.23868626256717,3318.7535532125521,3320.50494505828601,3321.78739728155824,3320.7801073360988,3320.50508894973427,3319.67687097397038,17.8175580237566997,17.7958902929321674,17.4596242571005291,17.8873232933110628,17.4140754513044662,17.656497268042628,17.4919431518626389,17.7520056569381772,16.09442997060588,16.1164178803719693,16.0076921635565661,16.3593322380371866,16.3368365977232557,16.3345517096190385,16.3368323644458471,16.6500768833724386,17.2931632447003061,17.1888134993811867,16.9950923931304949,17.0812650867800357,17.1450899471810203,17.0832705056929619,17.0566871486467306,17.2051965187541107,3321.26369608280174,3321.72066554960474,3320.62209547634847,3322.26830205833721,3320.346451649144,3320.43834045166431,5.00043335976624448,4.99987082841716201,0.587736732067246859,-5.00016405096516614,4.99982397048368288,4.99982397873487372,-0.00247143243591646696,-0.00234309689321374453,-0.00247197866696876418,-0.00242225893812846255,-0.00287597656249999984,-0.00222564307001851423,-0.00276605999742223765,-0.00266757945267023485,-0.00267664423565261564,-0.00263656540276399794,-0.00250639494225750542,-0.00269449487659288549,-0.00265744268286013377,-0.00274228552705595586,-0.00238621540768744122,-0.00257781797157612645,-0.00305749647436147874,-0.0029198210741606047,-0.00234778480209082117,-0.00228347868936363109,-0.00293302162355367708,-0.0026249069889617135,-0.00242518463645029214,-0.0023887432317873554,-4.75922669083800898,5.00029275891706071,-5.00091408392384196,-5.00065637306995114,4.99991771110885352,0.0000166144156219714337,0.0000607597867392051472,0.0000353591395675075736,0.0000683084201985565164,0.0000234044727557590683,-0.0000068401172326533163,0.000092114917858259103,-0.0000293087816925626058,0.0000441084340526266372,-0.0000211823969430472673,-5.00063279766880519,-5.00154709255989171,5.00055064035444196,4.99935526994195722,4.99961300082820248,5.00076156385513926,5.00005834824183814,4.99954267101613503,-3.82716273431518861,5.00008178710937478,-0.0029629905876700233
4/23/2014 2:53:06.575 PM,50,3316.89676990399129,3320.87305508060353,3321.23908557524009,3319.30838482769741,3318.29077121622276,3319.86151396377499,3319.95374750162045,3319.95382835489317,3320.68887402491236,3317.17603264833269,3318.75400919037883,3318.0127494715457,3319.30838489531061,3318.568768250012,3318.84638713787762,3318.75381911690465,3317.45538456900385,3321.05600807335531,3320.22986086249466,3319.12370238635594,3320.22974562042964,3319.03131145726911,3320.4133417498283,3320.32166680181853,3321.23908557524009,3320.13778533375762,3320.68926184851307,3319.86168732574469,3319.95360605696305,3319.40066154398209,3318.56881441087352,3319.67733986606708,3320.23001189754222,3320.41387248555429,3320.32191278857453,3320.87289857700898,3321.23974331896715,3320.23011284474478,3320.4139243202253,3321.23943375359203,3318.75430932079189,3320.50569511272897,3321.78814284491363,3320.78085643113081,3320.5058390036761,3319.67762390200641,17.8129466408203569,17.7889935093744746,17.4643701091959791,17.8868185696851078,18.165004738158153,17.6523406229717388,17.4850481350498015,17.7447339497035728,16.0982649653033967,16.1295458812800838,16.0128996405375687,16.3523554255289589,16.3380068142058334,16.3389207972980372,16.336555130399006,16.6386832583669388,17.2883363844908508,17.1971545004304431,17.0046544336154071,17.0791780279803476,17.153584730836112,17.0898622550009769,17.0686057933965571,17.1957275293301777,3321.26374810909783,3321.7207174641212,3320.62214765884118,3322.26835383830894,3320.34650389847684,3320.43839267873272,5.00043335976624448,4.99987082841716201,0.586765250505835722,-5.00016405096516614,4.99982397048368288,4.99982397873487372,-0.00248577603381329232,-0.00233394119060268464,-0.00247304683227338781,-0.00241127183747294775,-0.00287506103515624981,-0.00222396472123053855,-0.00277185752198909558,-0.00267307326053834457,-0.00267343951439621844,-0.00261825528503238213,-0.00249800142793517874,-0.00269769944761741104,-0.00265255964146756881,-0.00277478827132521819,-0.00238575774055472699,-0.00257827576743677308,-0.00304299960544100788,-0.00292500991373584752,-0.00234458015595212076,-0.00229095689816840665,-0.00292615500753923936,-0.00261987194259778603,-0.00243144132653061234,-0.00239927278338594252,-4.76023516993857321,5.00029275891706071,-5.00091408392384196,-5.00065637306995114,4.99991771110885352,0.0000231630965314033897,0.0000610450726035743257,0.0000430445817312200967,0.000068325201719990003,0.000024991734031663172,-0.00000525670026398825346,0.00012249686230270354,-0.0000276906927032857103,0.0000394070542243507555,-0.0000199162735480646087,-5.00063279766880519,-5.00154709255989171,5.00055064035444196,4.99935526994195722,4.99961300082820248,5.00076156385513926,5.00005834824183814,4.99954267101613503,-3.8284148118545227,5.00008178710937478,-0.00297824973436877421
4/23/2014 2:53:07.575 PM,51,3316.89677652478758,3320.87306158244655,3321.23909206592861,3319.30839137682915,3318.29077779577255,3319.86152049626207,3319.95375403132448,3319.95383488459492,3320.68888053235514,3317.17603926090441,3318.75401575611431,3318.01275605936007,3319.30839144444235,3318.56877482127811,3318.84639370085187,3318.75382568264558,3317.45539117332919,3321.05601456962722,3320.22986738385407,3319.12370894102741,3320.22975214179223,3319.03131801470908,3320.41334826563115,3320.32167332039853,3321.23909206592861,3320.1377918579019,3320.68926835594356,3319.86169385822631,3319.95361258667117,3319.4006680903426,3318.56882098213827,3319.67734640410526,3320.22969843175815,3320.41355928661096,3320.3215994561151,3320.87258604610724,3321.23943132385966,3320.22979937910713,3320.41361112135746,3321.23912175803161,3318.75399372843912,3320.5053820472076,3321.78783165395498,3320.78054376606405,3320.50552593836391,3319.67730963705844,17.7964055015947231,17.7755638256818393,17.4462967546080705,17.8825214485824198,18.2663823365087836,17.6524553519295608,17.4796092013956148,17.7408945992747107,16.0887863846605974,16.1170176804256648,16.0052450194742235,16.3612261563537551,16.3320284027157534,16.3312666780398494,16.3286708142750854,16.6442043114409692,17.2891530336468655,17.1927954676039718,17.002654334151984,17.0829635042859351,17.1494530936912035,17.0872528942724102,17.0545034151287922,17.2036983055157897,3321.26417085252114,3321.72113929971465,3320.6225716708368,3322.26877458118178,3320.34692845332119,3320.43881705275589,5.00043335976624448,4.99987082841716201,0.586137685928784569,-5.00016405096516614,4.99982397048368288,4.99982397873487372,-0.00248699676554919261,-0.00234157094277856774,-0.00248250772497148314,-0.00241264522505488677,-0.00287750244140624976,-0.00221801421189135118,-0.00276804336108984681,-0.00268940207836855906,-0.00266779310075399489,-0.00260848988890885394,-0.00250074839625884921,-0.00270105661726215141,-0.00265057590590183885,-0.00277478827132521819,-0.00237843506643129962,-0.00257659718261440268,-0.00305474969919760026,-0.00290211797443330538,-0.00236304502179891882,-0.00230377668469087995,-0.00293119052594982684,-0.00263238326992633331,-0.00243739281221677043,-0.00240324044051004777,-4.76215367664585276,5.00029275891706071,-5.00091408392384196,-5.00065637306995114,4.99991771110885352,0.0000239141340622753073,0.0000611762735893270002,0.0000424401259026540253,0.0000685891292843529344,0.000024744487563685801,-0.00000428193779483895153,0.000127670400160181279,-0.0000274449263568012008,0.0000332697774735147905,-0.0000198872900004686171,-5.00063279766880519,-5.00154709255989171,5.00055064035444196,4.99935526994195722,4.99961300082820248,5.00076156385513926,5.00005834824183814,4.99954267101613503,-3.82965407261183088,5.00008178710937478,-0.00301120949123807576
4/23/2014 2:53:08.575 PM,52,3316.89725345665419,3320.87352997072776,3321.23955965303775,3319.30886316154919,3318.29125176519619,3319.86199108550727,3319.95422442067547,3319.95430527377038,3320.68934932281581,3317.17651560207468,3318.7544887333579,3318.0132306223968,3319.30886322916239,3318.56924819574487,3318.84686647977014,3318.75429866029708,3317.45586692222968,3321.05648255777623,3320.23033717384669,3319.12418112364503,3320.23022193203587,3319.03179039614769,3320.41381765655614,3320.32214291079344,3321.23955965303775,3320.1382618479206,3320.68973714555886,3319.86216444709634,3319.95408297632866,3319.40113967601746,3318.5692943565059,3319.67781739203292,3320.23033189678699,3320.41419221241221,3320.32223265172297,3320.87321762194051,3321.24006181696904,3320.23043284383993,3320.41424404700637,3321.2397522520564,3318.75463149080133,3320.50601470339142,3321.78846052205381,3320.78117561301633,3320.50615859412528,3319.67794471702336,17.7953449781532242,17.7712303398878468,17.45299789395402,17.8810802646977329,18.0931597779074344,17.6526117228440391,17.4867647817362943,17.744244820943603,16.0856695646684642,16.1428412416533646,16.0097433001070044,16.3518656927388015,16.3332511100781588,16.3163411129603766,16.3366742275187917,16.6298173184181799,17.2856105401423363,17.1945808750487927,16.9974352828583299,17.0759953554899724,17.1349470984238508,17.0856129627937783,17.0308649279237905,17.1961987534821397,3321.26465863045268,3321.72162603011293,3320.62306091255732,3322.2692600507039,3320.34741832142799,3320.43930671221551,5.00043335976624448,4.99987082841716201,0.585795599913285336,-5.00016405096516614,4.99982397048368288,4.99982397873487372,-0.00247768868606295474,-0.00234279170312670908,-0.0024736572124474587,-0.00240669387886648318,-0.00288040161132812472,-0.00220443484442500119,-0.00277429858496461464,-0.00267963530882525322,-0.00267313430284798993,-0.00263122495175894308,-0.0024998327401509592,-0.00269220589728965364,-0.00265057590590183885,-0.00276349623810491106,-0.00237523139650230039,-0.00258132773984108294,-0.0030352170758100182,-0.00289555561849991032,-0.00236502885036097166,-0.00229492492733012442,-0.00293470012969053971,-0.00263741831629026079,-0.00243983444737006601,-0.00241041274377285387,-4.76355443534206557,5.00029275891706071,-5.00091408392384196,-5.00065637306995114,4.99991771110885352,0.0000284661542189014379,0.0000615180063894269815,0.0000488739171082246946,0.0000683297784985627635,0.0000252435591379364165,-0.00000209749357602549297,0.000155288546061884683,-0.0000254971135734829784,0.0000354259117472420976,-0.0000195074529819738215,-5.00063279766880519,-5.00154709255989171,5.00055064035444196,4.99935526994195722,4.99961300082820248,5.00076156385513926,5.00005834824183814,4.99954267101613503,-3.83104148926612842,5.00008178710937478,-0.00294864698977319794
4/23/2014 2:53:09.575 PM,53,3316.89761115233432,3320.87388125843017,3321.23991033983429,3319.30921699669534,3318.29160723894392,3319.86234402400714,3319.95457720924741,3319.95465806221091,3320.6897009121667,3317.17687285471265,3318.7548434629366,3318.01358654137402,3319.30921706430808,3318.56960322325494,3318.84722106059871,3318.75465339018183,3317.45622373064543,3321.05683354536586,3320.23068951288041,3319.12453525722776,3320.23057427125695,3319.03214467885254,3320.41416969627516,3320.32249510012206,3321.23991033983429,3320.13861433698002,3320.69008873427492,3319.86251738531427,3319.95443576513071,3319.40149336187323,3318.56964938394185,3319.67817062955828,3320.23086087080082,3320.41472073613431,3320.32276140075191,3320.87374501834801,3321.24058830922877,3320.23096181760684,3320.4147725706016,3321.2402787450801,3318.75516405338112,3320.50654300196492,3321.78898565731879,3320.78170323582662,3320.50668689234544,3319.67847503961866,17.7913818503581567,17.7624712349036251,17.4467494109571177,17.8724002020254211,18.9121971554236516,17.6519187724651196,17.4766385131078685,17.7373170590663562,16.0800273105462175,16.1307232288906803,16.0053171847776312,16.3433302393074378,16.3261589402859108,16.3175518109801807,16.3287425060504709,16.6172450977379533,17.2835197659268651,17.1860963496227725,16.9917651167448795,17.0794610781321054,17.1099395939349428,17.0781160730101433,17.0129406851106069,17.1846708384107991,3321.26515291329542,3321.7221192514703,3320.62355667868496,3322.26975199439175,3320.34791472228516,3320.43980290164609,5.00043335976624448,4.99987082841716201,0.586458868383122667,-5.00016405096516614,4.99982397048368288,4.99982397873487372,-0.00247860423486487985,-0.0023369930914730378,-0.00247289423722987008,-0.00241218742919424058,-0.00288223266601562479,-0.00219772144927309803,-0.00277216265486103552,-0.00268253481853342191,-0.00267496557213736013,-0.00262313798309414623,-0.00250624233290619013,-0.00270517678000796978,-0.00264782919511852115,-0.00278455435411034897,-0.00239582641747443891,-0.00258422711362517712,-0.00304971394473048906,-0.00292455207494979634,-0.00233221937798856142,-0.00229629847588610396,-0.00293454753822355212,-0.00264260593981673151,-0.00243311995069850308,-0.00240842891521080103,-4.7644638523968803,5.00029275891706071,-5.00091408392384196,-5.00065637306995114,4.99991771110885352,0.0000315054138204583191,0.0000617300637966318705,0.0000552649690127856325,0.000068161963284227951,0.0000226016848412152611,-0.00000470448740979099662,0.000105750776488513837,-0.0000290920188279613613,0.0000364681196092065289,-0.0000200230550392077237,-5.00063279766880519,-5.00154709255989171,5.00055064035444196,4.99935526994195722,4.99961300082820248,5.00076156385513926,5.00005834824183814,4.99954267101613503,-3.83313840635399927,5.00008178710937478,-0.00298053860637358678
4/23/2014 2:53:10.575 PM,54,3316.89784961897112,3320.8741154533368,3321.2401441341608,3319.30945288979637,3318.29184422438083,3319.86257931938007,3319.95481240467415,3319.95489325754988,3320.68993530816078,3317.1771110260056,3318.75507995229099,3318.01382382361271,3319.30945295740912,3318.56983991121796,3318.8474574507918,3318.75488987973994,3317.45646160580781,3321.05706754020911,3320.23092440863274,3319.12477134927485,3320.23080916713479,3319.03238087030877,3320.41440439249618,3320.3227298960769,3321.2401441341608,3320.13884933274403,3320.69032312984563,3319.86275268049939,3319.95467096071115,3319.40172915545372,3318.5698860718553,3319.6784061242688,3320.23053434415214,3320.41439448744586,3320.32243501298398,3320.87341946553851,3321.24026331454024,3320.2306352911105,3320.41444632199136,3321.23995374992,3318.75483531154941,3320.50621689225818,3321.78866150028807,3320.78137754326144,3320.50636078285697,3319.67814768050539,17.7883672535340267,17.7611292421659392,17.4396994089099309,17.8721235985825864,18.4217377191922082,17.6393931172163114,17.4707321321371935,17.7327823883211444,16.0705377380731384,16.1147565110530273,15.9926242459387104,16.3371142369719138,16.3233684082045229,16.323444465324112,16.3275515050476727,16.637374861404286,17.2796686151479868,17.1820926006658432,16.9789273547273609,17.0584820606580933,17.1200959393529217,17.0669545088200181,17.0104592197119118,17.1695558012924572,3321.26500983025744,3321.72197647569009,3320.6234131662959,3322.26960958844529,3320.34777102616726,3320.43965926672808,5.00043335976624448,4.99987082841716201,0.586775473415308668,-5.00016405096516614,4.99982397048368288,4.99982397873487372,-0.00246670210043985422,-0.00232020763668609482,-0.00246679043548916378,-0.00240577828714519035,-0.00287460327148437479,-0.0022276265731315764,-0.00277323061991282486,-0.00267551495292417093,-0.00267923853381255624,-0.00264495754005765514,-0.00250731059836539544,-0.00270395599104624558,-0.00265545894729440424,-0.00276212288271325199,-0.00239216508041272544,-0.00259185704463595111,-0.00305749647436147874,-0.00292043152587533918,-0.00236747048551426724,-0.00233414736942864302,-0.00294477116651171511,-0.00262841626370020854,-0.0024369350056255277,-0.00241438040089695912,-4.76656369301841209,5.00029275891706071,-5.00091408392384196,-5.00065637306995114,4.99991771110885352,0.0000316931732031762984,0.0000616736168609010813,0.0000503560550110975555,0.0000685815013200649822,0.0000265820477330978603,-0.00000592179640882251843,0.0000930916329699953133,-0.0000294278486181886407,0.0000380627128972780372,-0.0000210039193078509188,-5.00063279766880519,-5.00154709255989171,5.00055064035444196,4.99935526994195722,4.99961300082820248,5.00076156385513926,5.00005834824183814,4.99954267101613503,-3.8354416126001909,5.00008178710937478,-0.00298984668585982466
4/23/2014 2:53:11.575 PM,55,3316.89826693060695,3320.87452528899984,3321.24055326876714,3319.30986569747665,3318.29225894376259,3319.86299108097318,3319.95522399135143,3319.9553048440739,3320.69034549574689,3317.17752782075876,3318.75549380347592,3318.01423906242917,3319.30986576508894,3318.57025410998903,3318.84787112843469,3318.75530373128185,3317.45687788230179,3321.0574770257408,3320.23133547084853,3319.12518450513062,3320.23122022956977,3319.03279420014132,3320.41481510551193,3320.32314078363697,3321.24055326876714,3320.1392605699898,3320.69073331669096,3319.86316444176372,3319.95508254765673,3319.40214178896212,3318.57030027053952,3319.67881823472453,3320.2313898474058,3320.41524926245983,3320.32329015237792,3320.8742724173876,3321.24111480414467,3320.23149079396444,3320.41530109679979,3321.24080524075998,3318.75569661845702,3320.50707130314685,3321.78951079527587,3320.78223086126308,3320.50721519317494,3319.67900536476963,17.7930470499320314,17.7600277617221138,17.4462845158063011,17.8677519135819089,18.6616606807456478,17.6453675390161493,17.4802060654899556,17.7509962322097756,16.0608326925852829,16.107485097703492,15.9933499113242252,16.3187285739704926,16.3209709422771993,16.3121351851020861,16.3165447224978273,16.6127443486647657,17.2840821537765734,17.1698368343075707,16.9735965522025012,17.0549036206752227,17.1167452775016962,17.0625376764689989,17.0030746222471478,17.1772420359157678,3321.26599189204353,3321.72295642847029,3320.62439817513814,3322.27058700269481,3320.34875729611712,3320.44064511660644,5.00043335976624448,4.99987082841716201,0.587613904572832579,-5.00016405096516614,4.99982397048368288,4.99982397873487372,-0.0024902011863559303,-0.00234996367017203944,-0.00248159215471037724,-0.00242866808017751278,-0.00289443969726562497,-0.00222335441258036514,-0.00279031806074145827,-0.00268741820330507504,-0.00268244325506895344,-0.00262893618704249143,-0.00250685277031145043,-0.00271067033033572718,-0.00266095236886104009,-0.00277860314741315995,-0.0023834694048911558,-0.00258575309982733183,-0.00306131143986686618,-0.00291157997601168952,-0.00236731788331718618,-0.00228958334961242753,-0.00294568671531364023,-0.00263741831629026079,-0.00244273388911460474,-0.00242811459863424709,-4.76960821006697522,5.00029275891706071,-5.00091408392384196,-5.00065637306995114,4.99991771110885352,0.0000304078610060337112,0.0000616797192323314376,0.0000452654989801181576,0.0000689812066487533485,0.0000249749456912449537,-0.00000520941131791058744,0.000108592407016721372,-0.000028838619986244412,0.0000336558369011531576,-0.0000207476437291074401,-5.00063279766880519,-5.00154709255989171,5.00055064035444196,4.99935526994195722,4.99961300082820248,5.00076156385513926,5.00005834824183814,4.99954267101613503,-3.83719430754222479,5.00008178710937478,-0.00299259333226560001
4/23/2014 2:53:12.575 PM,56,3316.89843915615665,3320.87469442937981,3321.24072211983639,3319.31003606434296,3318.29243009954643,3319.86316101614193,3319.95539385433676,3319.95547470699557,3320.6905147813577,3317.1776998330024,3318.75566460097388,3318.01441043257182,3319.31003613195525,3318.57042505092795,3318.84804185431539,3318.75547452892715,3317.45704968067138,3321.05764602162935,3320.23150511740004,3319.12535501568163,3320.23138987621132,3319.0329647824883,3320.41498460795583,3320.32331035811148,3321.24072211983639,3320.13943028877292,3320.69090260199664,3319.86333437679741,3319.95525241075256,3319.40231208395152,3318.57047121144296,3319.67898831386173,3320.23160535500392,3320.41546458660423,3320.32350556831488,3320.87448728225172,3321.24132930064888,3320.23170630146205,3320.41551642089234,3321.24101973757615,3318.7559135880756,3320.50728653556325,3321.78972473892599,3320.78244581836634,3320.50743042544718,3319.67922142179395,17.7892747829557578,17.7654609871506039,17.4397700030194507,17.8680106080431926,18.7004067504792388,17.6369532792210783,17.479171319249339,17.7566533302121243,16.0704566219179554,16.1227483654426358,16.0000837278342587,16.3126679906233569,16.3185639657449037,16.3058432792036179,16.3238887913235082,16.6216836831285626,17.2819936798440956,17.1762737085928982,16.9661010376980634,17.0428426608566283,17.1378752731320816,17.0464397674418819,17.0047159488767896,17.1571921780039851,3321.26595287210102,3321.72291749235955,3320.62435903805135,3322.27054816748932,3320.34871810890217,3320.44060594608936,5.00043335976624448,4.99987082841716201,0.588039299671499815,-5.00016405096516614,4.99982397048368288,4.99982397873487372,-0.00247860423486487985,-0.00233897682703876776,-0.00247304683227338781,-0.00241539200021876569,-0.00287200927734374998,-0.0022051977302377174,-0.00277292548704088492,-0.00268512911669336251,-0.00267832289916787114,-0.00263610764982070761,-0.00250883669187854574,-0.00269510527107374781,-0.00264782919511852115,-0.00277829795732612451,-0.00238926652190553585,-0.002581022542600652,-0.00305795427022212537,-0.00293538759288633315,-0.00237693182173328785,-0.00227539001453397555,-0.00294019342250208997,-0.00262292348584865134,-0.00244334429790292853,-0.00239133746913773159,-4.77341973293971477,5.00029275891706071,-5.00091408392384196,-5.00065637306995114,4.99991771110885352,0.0000296003430104417507,0.0000619344932395488345,0.0000497546519897464648,0.0000692253015059676286,0.0000319283710499171608,-0.00000198918663500890386,0.00018245496122441007,-0.0000240896814526213783,0.0000318186212850401509,-0.0000193335516963978886,-5.00063279766880519,-5.00154709255989171,5.00055064035444196,4.99935526994195722,4.99961300082820248,5.00076156385513926,5.00005834824183814,4.99954267101613503,-3.83785986472313834,5.00008178710937478,-0.0029541402825847482
4/23/2014 2:53:13.575 PM,57,3316.89857163783699,3320.87482453789607,3321.24085200580975,3319.31016711629263,3318.29256175834461,3319.86329173602325,3319.95552451869298,3319.95560537130313,3320.6906450015881,3317.17783215060399,3318.75579598417243,3318.01454225625866,3319.31016718390537,3318.57055654446412,3318.84817318242539,3318.75560591223938,3317.4571818337572,3321.0577760189999,3320.23163561527144,3319.12548617815628,3320.23152037415275,3319.03309600018974,3320.41511499497801,3320.32344080054099,3321.24085200580975,3320.13956084220581,3320.69103282199194,3319.86346509657414,3319.95538307519382,3319.4024430806121,3318.57060270495185,3319.67911914448541,3320.23215391833355,3320.41601268295426,3320.32405389832183,3320.87503420950815,3321.24187529024948,3320.23225486453566,3320.41606451711095,3321.24156572796891,3318.75646587296523,3320.50783439842052,3321.79026932124088,3320.78299298041611,3320.50797828793838,3319.67977138368451,17.7901199680999937,17.7612840210777421,17.4403872935736999,17.8703009407570974,19.9671488741388039,17.6374182046058507,17.4698986219117174,17.7368921123890431,16.0648308074486294,16.0976988255676758,15.9920938711082012,16.3309500453608969,16.3153730019633265,16.3028808216512644,16.3099549795982774,16.6192556065581165,17.2833673316204361,17.1712532182363588,16.9705203282709434,17.0517527062379415,17.1073507060713723,17.0417986860923278,16.9973354127409948,17.1568913659981135,3321.26685037940478,3321.72381307214982,3320.62525923880002,3322.27144142720408,3320.34961946223302,3320.44150691549839,5.00043335976624448,4.99987082841716201,0.587370843456556768,-5.00016405096516614,4.99982397048368288,4.99982397873487372,-0.00247967237513379213,-0.00234218132295263863,-0.00247747208853540003,-0.00240883025954949977,-0.00288619995117187465,-0.0022187770977040674,-0.00277231522129700548,-0.00268238221275930808,-0.00268229064929483918,-0.00263931192042374035,-0.00251768803425481743,-0.00270349819518559938,-0.00267117623677672403,-0.00277265194071597094,-0.00238850374335101198,-0.00258972066395293452,-0.00306680499019462358,-0.00290242320029067283,-0.00236975951847048175,-0.00230148743709758085,-0.00294034601396907756,-0.00263924924224078015,-0.00244059745835547085,-0.00241102315256117765,-4.77642456411478733,5.00029275891706071,-5.00091408392384196,-5.00065637306995114,4.99991771110885352,0.0000269198106848094615,0.0000620656942253014954,0.0000580094426990527903,0.0000692970043702743222,0.0000294757471360922635,-0.00000362141799962510559,0.000129912266565088293,-0.0000272785379607340501,0.0000316492434333885404,-0.00001984762830375832,-5.00063279766880519,-5.00154709255989171,5.00055064035444196,4.99935526994195722,4.99961300082820248,5.00076156385513926,5.00005834824183814,4.99954267101613503,-3.83895600474782439,5.00008178710937478,-0.00297077275248638657
4/23/2014 2:53:14.575 PM,58,3316.89900219924084,3320.87524738615411,3321.2412741307703,3319.3105930308543,3318.29298964525605,3319.86371657131121,3319.95594917351582,3319.95603002596772,3320.69106821293417,3317.17826217872789,3318.75622297534437,3318.01497067908349,3319.31059309846659,3318.57098389424845,3318.8485999945492,3318.75603290377921,3317.45761132718007,3321.05819850601847,3320.2320597289945,3319.12591245193971,3320.23194448810181,3319.03352245346877,3320.41553874842247,3320.32386473406677,3321.2412741307703,3320.13998513651176,3320.69145603257402,3319.86388993152286,3319.9558077302936,3319.40286881547672,3318.57103005464705,3319.67954433970362,3320.23251962959511,3320.41637808290715,3320.3244194540407,3320.8753988300923,3321.24223928575156,3320.23262057562669,3320.41642991697608,3321.24192972399896,3318.75683406518055,3320.50819964271659,3321.79063237858554,3320.78335775752384,3320.5083435319907,3319.68013802728728,17.7923310703930788,17.7467553754383722,17.4346091255863236,17.8668833089692072,20.1320269743327493,17.6320218332544378,17.4740885227564817,17.7428287069239339,16.062552288363424,16.1073012283444221,15.9997929862551622,16.332630718353446,16.3133217797586667,16.302048334206237,16.3056941006639455,16.6194894400390609,17.2847662341502755,17.1765343402361061,16.9675799110938001,17.05056377080858,17.1079129077631293,17.0344423440631019,17.0046722075053545,17.1471022096713987,3321.26661624731559,3321.72357944289342,3320.62502440406842,3322.27120840318866,3320.34938432682611,3320.44127188024549,5.00043335976624448,4.99987082841716201,0.586475194522131815,-5.00016405096516614,4.99982397048368288,4.99982397873487372,-0.00246914356391165438,-0.00233516195095082599,-0.00247060531157710511,-0.00241127183747294775,-0.00287780761718749991,-0.00220916473646384217,-0.00277475628427252454,-0.00268619735711216187,-0.00269480432277219989,-0.00262786809684148037,-0.00250395319263646467,-0.00270593977310904692,-0.00265942641842586373,-0.00278836923019829073,-0.00238621540768744122,-0.00257781797157612645,-0.00305536009367846214,-0.00291234304065510772,-0.00235404149217114138,-0.00229217783021816619,-0.0029296646112799518,-0.00263375646438922251,-0.00242838928258899299,-0.00239545772845891833,-4.77917403195775136,5.00029275891706071,-5.00091408392384196,-5.00065637306995114,4.99991771110885352,0.0000321770734009128778,0.0000622899563753671107,0.0000587176939729281821,0.0000696066997203649259,0.0000260478732652455159,-0.00000510110437689399834,0.000101257886974527269,-0.0000294400606105605423,0.0000293084720420950598,-0.0000208056108242994166,-5.00063279766880519,-5.00154709255989171,5.00055064035444196,4.99935526994195722,4.99961300082820248,5.00076156385513926,5.00005834824183814,4.99954267101613503,-3.84058068445033829,5.00008178710937478,-0.00299183037493066248
4/23/2014 2:53:15.575 PM,59,3316.89925390868575,3320.87549458607281,3321.24152090780944,3319.3108420235012,3318.29323979104629,3319.86396493295524,3319.95619742965027,3319.95627828200986,3320.69131562513303,3317.17851357638755,3318.75647259743573,3318.01522113819783,3319.3108420911135,3318.57123372600517,3318.84884951195954,3318.75628252608612,3317.45786241222413,3321.05844549473658,3320.23230766877259,3319.12616165460713,3320.23219242801178,3319.03377176107915,3320.41578647756205,3320.32411256849218,3321.24152090780944,3320.14023318186855,3320.69170344432632,3319.86413829296907,3319.9560559865904,3319.40311770306243,3318.57127988635102,3319.67979291178244,3320.23295717553537,3320.41681525638159,3320.32485681388107,3320.87583507109093,3321.24267477887042,3320.23305812136232,3320.41686709034547,3321.24236521775037,3318.75727457945686,3320.50863662995561,3321.79106674924605,3320.7837941857947,3320.50878051893778,3319.68057668872688,17.7851725948846813,17.7445391170813202,17.4262279545294447,17.8585061511272016,19.3553923609718588,17.6272953111232589,17.4695143214822117,17.7326301678157101,16.0419092140677684,16.1062250514260405,15.9983360385440036,16.3272149371992299,16.3159782021749962,16.3099605678829782,16.3159695504116513,16.629835513351793,17.2762820800673893,17.1738348373053355,16.9706661976619379,17.0508328725386526,17.1061259958543843,17.0404214635022413,17.0102696729419698,17.1600814616984145,3321.26746823130997,3321.72442959717773,3320.62587894484067,3322.27205635512018,3320.35023996169729,3320.44212715067578,5.00043335976624448,4.99987082841716201,0.585155523715685244,-5.00016405096516614,4.99982397048368288,4.99982397873487372,-0.00249111673515785542,-0.00235652525704329891,-0.00248678038618997763,-0.00241234002781445583,-0.00288421630859374972,-0.00221374205134013992,-0.00277292548704088492,-0.00268634996288627612,-0.00269007354377466101,-0.00263427663804754585,-0.00251845108101139258,-0.00271677427514434647,-0.0026635464846008405,-0.00275876579175586339,-0.0023875884090855835,-0.00258086994398043631,-0.00305398670609652269,-0.00291264826651247474,-0.00236350282839016155,-0.0023115601265080955,-0.00292844387954405193,-0.00264245336265418827,-0.00243983444737006601,-0.00239774676141513285,-4.78254702592842928,5.00029275891706071,-5.00091408392384196,-5.00065637306995114,4.99991771110885352,0.0000381853736478882116,0.0000626438939183278046,0.0000570035427217168272,0.0000699057159204524129,0.0000241568956490482238,-0.00000460380771814177227,0.0000965253970346929256,-0.0000302796350861287424,0.0000258400408997156109,-0.0000209261213643037887,-5.00063279766880519,-5.00154709255989171,5.00055064035444196,4.99935526994195722,4.99961300082820248,5.00076156385513926,5.00005834824183814,4.99954267101613503,-3.84187945169562361,5.00008178710937478,-0.00299030446026078744
4/23/2014 2:53:16.575 PM,60,3316.89955198877487,3320.8757873262125,3321.24181314719726,3319.31113688649793,3318.29353601953653,3319.86425904875159,3319.95649142050751,3319.95657227275751,3320.69160861664522,3317.17881128727685,3318.75676820578883,3318.01551773771052,3319.31113695411022,3318.57152958263259,3318.84914499635488,3318.75657813469433,3317.45815975293089,3321.05873798478433,3320.23260128501624,3319.12645676629972,3320.23248604441232,3319.03406699703964,3320.4160798443786,3320.32440605998272,3321.24181314719726,3320.14052692313362,3320.69199643530964,3319.86443240853032,3319.95634997763909,3319.40341244165119,3318.57157574291659,3319.68008727676488,3320.2335971671082,3320.41745470314981,3320.32549653324622,3320.87647315392769,3321.24331176778514,3320.23369811263637,3320.41750653695999,3321.24300220758959,3318.75791891281278,3320.50927580431789,3321.79170209634185,3320.78443254255535,3320.50941969287259,3319.68121831194002,17.7714163430141774,17.736253990539474,17.4290536597944516,17.8468771075126646,19.9466452332568309,17.6259354669621686,17.4505811030679787,17.7073949293628558,16.0397873938090107,16.1028835599087436,15.9996406023740043,16.3385698988389407,16.3108843933916745,16.3154548451035382,16.3117887979084273,16.6117989704866282,17.277599695272059,17.1627451645019633,16.9576692129091953,17.0429396756172515,17.1001350787610633,17.0444043561831258,17.0035185648075107,17.1610944317047007,3321.26758529886592,3321.72454641333661,3320.62599636369077,3322.27217286868153,3320.35035753087368,3320.44224466977902,5.00043335976624448,4.99987082841716201,0.58513828209224572,-5.00016405096516614,4.99982397048368288,4.99982397873487372,-0.00247021170418056666,-0.00234813252964982764,-0.0024703001214900701,-0.00240440489956325089,-0.00288162231445312491,-0.00220763896483840974,-0.00276468689949850837,-0.00267749882798765495,-0.00268381670703598087,-0.00264739888908853719,-0.00251723020620087242,-0.00271036513309529581,-0.0026669035755582291,-0.00275739243636420476,-0.00239704686316167702,-0.00258575309982733183,-0.00305032433921135094,-0.00293859246438868882,-0.00241492976880645091,-0.00232621131110520747,-0.00294660226411556535,-0.0026282636865376653,-0.00244044485615838979,-0.00239988319217426631,-4.78437074445325816,5.00029275891706071,-5.00091408392384196,-5.00065637306995114,4.99991771110885352,0.0000378159608786382087,0.0000628773096255389543,0.000055452716656506915,0.0000701574387419546316,0.0000244224566702091021,-0.00000495771208878752868,0.00009861312558602907,-0.0000295606540352330645,0.000026773907973686674,-0.0000210344283053203778,-5.00063279766880519,-5.00154709255989171,5.00055064035444196,4.99935526994195722,4.99961300082820248,5.00076156385513926,5.00005834824183814,4.99954267101613503,-3.84268904509358933,5.00008178710937478,-0.0030069369301624258
4/23/2014 2:53:17.575 PM,61,3316.89988981407759,3320.87611909967972,3321.2421443531557,3319.31147106582739,3318.29387174639714,3319.86459238126826,3319.95682461142905,3319.9569054635549,3320.6919406749962,3317.17914869416063,3318.75710322984059,3318.015853885056,3319.31147113343922,3318.57186488805655,3318.84947987992291,3318.75691315903486,3317.45849674028113,3321.05906947481844,3320.23293405138429,3319.12679122747886,3320.23281881095772,3319.03440159905358,3320.41641232806705,3320.32473868496572,3321.2421443531557,3320.14085983118911,3320.69232849306126,3319.86476574078096,3319.956683168778,3319.4037464799876,3318.57191104827052,3319.68042089168784,3320.23329023006044,3320.41714802737533,3320.32518972674188,3320.87616713225725,3321.24300627072943,3320.23339117573186,3320.41719986125917,3321.24269671009051,3318.75760989356558,3320.50896925918186,3321.79139738665708,3320.7841263895184,3320.5091131479412,3319.68091059240259,17.7716885549510231,17.7387334305998721,17.4221725385037374,17.8549849310966522,20.2265395114313335,17.6262841931498464,17.4547333740888071,17.714206546747544,16.0353394375933895,16.1170945820207372,15.9933626464354326,16.3301623755448943,16.3130615447055902,16.3061299716614236,16.3138140842729946,16.5985940155005984,17.276862300771473,17.1595718927581195,16.9557893323901823,17.040527408772931,17.0942204152824608,17.0371189259032292,16.9975286623445321,17.1516810468391725,3321.26806007033428,3321.72502016521775,3320.62647255989713,3322.27264539332418,3320.35083433675572,3320.44272127258,5.00043335976624448,4.99987082841716201,0.585447410668250012,-5.00016405096516614,4.99982397048368288,4.99982397873487372,-0.00248669158261521743,-0.00232371732268700114,-0.00247197866696876418,-0.00241707058504113609,-0.00288192749023437464,-0.00221908225202915388,-0.00277124725624521571,-0.00269321722272141285,-0.00268122240887604026,-0.00263091978313008314,-0.0025121940976074765,-0.00270883914689314109,-0.00265790046799068694,-0.00278638549463256077,-0.00239185996899091624,-0.0025793439577782816,-0.00305246071989436797,-0.00292668865595136722,-0.00237693182173328785,-0.00229431446130524486,-0.00293592086142643958,-0.00264428428860470763,-0.00242961010016564056,-0.00240827631301371997,-4.78538365005509636,5.00029275891706071,-5.00091408392384196,-5.00065637306995114,4.99991771110885352,0.0000250132133757464059,0.0000611015195393051285,0.0000572538729133451993,0.0000679605850270261788,0.0000274855656901509639,-0.00000466330026320722291,0.000104065942920768877,-0.0000291317078031700408,0.0000281640270985030714,-0.0000203449249625105427,-5.00063279766880519,-5.00154709255989171,5.00055064035444196,4.99935526994195722,4.99961300082820248,5.00076156385513926,5.00005834824183814,4.99954267101613503,-3.84379418738184153,5.00008178710937478,-0.00296711055727868611
4/23/2014 2:53:18.575 PM,62,3316.90030050186851,3320.87652243017737,3321.24254699372568,3319.31187732116131,3318.29427988308543,3319.86499760712195,3319.95722966514404,3319.95731051711891,3320.69234435182988,3317.17955887327434,3318.75751051211455,3318.01626253293261,3319.31187738877361,3318.57227251239828,3318.84988699140967,3318.75732044165988,3317.45890640936295,3321.05947246074265,3320.23333858896285,3319.12719782546219,3320.23322334875183,3319.03480836825156,3320.41681652198894,3320.32514305066115,3321.24254699372568,3320.14126454102006,3320.69273216916644,3319.86517096631132,3319.95708822275673,3319.40415256391497,3318.57231867252767,3319.68082646086622,3320.2340477721932,3320.41790492464224,3320.32594694667204,3320.87692241508693,3321.24376025872197,3320.23414871751083,3320.41795675834373,3321.24345069917762,3318.75837257491184,3320.50972583401107,3321.79214943128727,3320.78488199658204,3320.50986972226519,3319.68167006584963,17.7665502328873259,17.7488112799312283,17.4264675591153022,17.863385775092901,20.7836894712177766,17.6270781933995799,17.4591031993494425,17.7064078887535352,16.0231146130614803,16.1041038571604105,15.9897398068128638,16.3116178253766044,16.3100479538804492,16.3061631621455234,16.3047047033861254,16.6006070479558936,17.2716159814591492,17.1624699791463939,16.952063947564568,17.0251562612253409,17.0817400846780956,17.0361346309194701,17.0008836785270994,17.1312889046541876,3321.26806657253428,3321.72502665343154,3320.62647908164081,3322.27265186470322,3320.3508408668631,3320.44272779990115,5.00043335976624448,4.99987082841716201,0.585582749783213341,-5.00016405096516614,4.99982397048368288,4.99982397873487372,-0.00248699676554919261,-0.00235011626521555717,-0.00247167347688172874,-0.00241630759194005852,-0.00287948608398437469,-0.0022105379309267318,-0.00276758566178193733,-0.00267810925108411153,-0.00267725465874907222,-0.00262969910861464212,-0.00249754359988123374,-0.00270502418138775409,-0.00266247831929621688,-0.00276944744480210007,-0.00238850374335101198,-0.00258804207913056411,-0.00305658088264018591,-0.00291753188023035053,-0.00234793740428790223,-0.00229584062636744397,-0.00294263488597389014,-0.00264001212805349637,-0.00244258128691752369,-0.00240461386028377683,-4.78622468529712819,5.00029275891706071,-5.00091408392384196,-5.00065637306995114,4.99991771110885352,0.0000295316505533498062,0.000061879571896675614,0.0000526853469161274045,0.0000685921804700681125,0.0000222308151392492062,-0.00000730690489393608083,0.0000608539298132520701,-0.0000317878161440585233,0.0000309534209076846082,-0.0000214783342185010463,-5.00063279766880519,-5.00154709255989171,5.00055064035444196,4.99935526994195722,4.99961300082820248,5.00076156385513926,5.00005834824183814,4.99954267101613503,-3.84406532335398365,5.00008178710937478,-0.00300785247896435048
4/23/2014 2:53:19.575 PM,63,3316.90063832564601,3320.87685420198295,3321.24287819800974,3319.31221149888369,3318.29461560837398,3319.86533093801244,3319.95756285443622,3319.95764370628694,3320.69267640852558,3317.1798962786238,3318.75784553457742,3318.01659867871512,3319.31221156649553,3318.57260781624063,3318.85022187338654,3318.75765546441198,3317.45924339516932,3321.05980394910875,3320.23367135369153,3319.12753228504061,3320.23355611365786,3319.03514296866751,3320.41714900403212,3320.3254756740016,3321.24287819800974,3320.14159744743938,3320.69306422526233,3319.86550429693579,3319.95742141226628,3319.40448660064066,3318.57265397629953,3319.68116007416892,3320.23429593197988,3320.41815287317695,3320.32619500090822,3320.8771698347482,3321.24400725420719,3320.23439687718155,3320.41820470681887,3321.24369769502118,3318.75862241825461,3320.50997367691798,3321.79239579014574,3320.78512952245864,3320.51011756500702,3319.68191885831584,17.7741379968761919,17.7566311099831182,17.4338314230902576,17.8696054238293485,19.7335346050837152,17.6275167475066112,17.4692795082025398,17.7095837335666637,16.0412180735258047,16.1103314942296407,15.9878175767470942,16.320737196996145,16.3161235467988526,16.3032505707179602,16.3084198086183818,16.5992945060232806,17.2751840461278228,17.1658859016953968,16.9618008398385704,17.0367935244311788,17.1029717703043751,17.0313284156044098,16.9966113953062958,17.1305184082682054,3321.26850232024662,3321.72546146534023,3320.62691613701508,3322.27308555022,3320.35127848181309,3320.44316522845838,5.00043335976624448,4.99987082841716201,0.58681651763393905,-5.00016405096516614,4.99982397048368288,4.99982397873487372,-0.00248562344234630516,-0.00234096056260449728,-0.00247838765879650636,-0.00241264522505488677,-0.00288742065429687484,-0.00221435235999031289,-0.00276758566178193733,-0.00267719361643942687,-0.00268274846661718195,-0.0026464833832019561,-0.00251356758176931152,-0.00270563457586861598,-0.00265606932746847513,-0.00277066820515024142,-0.0023875884090855835,-0.00259231484049659775,-0.00306711018743505452,-0.00294515482032208431,-0.00235709353611276073,-0.00227203245139713734,-0.00293683641022836469,-0.00261346370177096936,-0.00243815582320217527,-0.0024007988053567522,-4.78745143670188611,5.00029275891706071,-5.00091408392384196,-5.00065637306995114,4.99991771110885352,0.0000181012256932503892,0.0000468097656494094792,0.0000347974230399512267,0.0000513956977793226226,0.0000181924561622854941,-0.0000083564144068855629,0.0000542977296257227737,-0.0000327266130576484203,0.0000280862048423388192,-0.0000223920786927114235,-5.00063279766880519,-5.00154709255989171,5.00055064035444196,4.99935526994195722,4.99961300082820248,5.00076156385513926,5.00005834824183814,4.99954267101613503,-3.8440663914191524,5.00008178710937478,-0.00296848388048157356
4/23/2014 2:53:20.575 PM,64,3316.90045285594214,3320.87667205512525,3321.24269636275084,3319.31202803105316,3318.29443129084938,3319.86514793513652,3319.9573799293048,3319.95746078122374,3320.69249410524844,3317.17971103865875,3318.75766160294051,3318.01641413031757,3319.31202809866499,3318.57242373011195,3318.85003801888388,3318.75747153261636,3317.45905838555518,3321.05962195787378,3320.2334886616677,3319.12734866245637,3320.23337342153672,3319.03495926875621,3320.4169664672172,3320.32529305960724,3321.24269636275084,3320.1414146776201,3320.69288192231442,3319.86532129420584,3319.95723848701573,3319.40430321022449,3318.5724698902095,3319.6809769162337,3320.23504041180604,3320.41889671924991,3320.3269391640847,3320.87791209420538,3321.24474824114076,3320.23514135666027,3320.41894855271311,3321.24443868303024,3318.75937194873176,3320.51071720611025,3321.79313486720639,3320.78587210056184,3320.5108610937018,3319.68266523617467,17.7753012874650587,17.7585554239749896,17.4349951010473241,17.8661285059625605,19.4375554301077749,17.6254086970521513,17.4597924371292485,17.7079334014469012,16.023195601683426,16.105860181249998,16.0038360479568844,16.3279162764575218,16.3122608993132019,16.3018255932664218,16.3040230793784104,16.587590187696307,17.2803922307848907,17.1640915265745981,16.9644219657110788,17.0415454822563852,17.0953908821363427,17.0310563272629629,17.0022769655644836,17.1363354791709312,3321.26952339799663,3321.72648035020256,3320.62794027903601,3322.27410179558592,3320.35230393510073,3320.4441902449671,5.00043335976624448,4.99987082841716201,0.587684244293236291,-5.00016405096516614,4.99982397048368288,4.99982397873487372,-0.00248638639968124268,-0.00234553841391002722,-0.00248327070018907132,-0.00241920696572415269,-0.00288238525390624965,-0.00221664101742846198,-0.00277841787873580291,-0.00268329784740399275,-0.0026816802261983826,-0.00263641281844956754,-0.00250883669187854574,-0.00271143332343680432,-0.00265576413738143969,-0.00277600903167335954,-0.00238774096479648854,-0.00259521421428069192,-0.0030567334812604016,-0.00293035136623977363,-0.00235892476247773252,-0.00229507754383634442,-0.00295194296546012801,-0.00263177296127616034,-0.00244670154623870999,-0.00242277352173641278,-4.7881659350626764,5.00029275891706071,-5.00091408392384196,-5.00065637306995114,4.99991771110885352,-0.00000279807275221183341,0.0000272425116579703778,0.00000796782683109818362,0.0000285606238869274488,0.0000239188064576626098,-0.0000081321732754850191,0.00006243803963509924,-0.0000314993078242723632,0.0000303995095549860876,-0.0000218764766354775214,-5.00063279766880519,-5.00154709255989171,5.00055064035444196,4.99935526994195722,4.99961300082820248,5.00076156385513926,5.00005834824183814,4.99954267101613503,-3.84381829513850936,5.00008178710937478,-0.00297992824050563685
4/23/2014 2:53:21.575 PM,65,3316.90109538157867,3320.87730306997491,3321.24332629818036,3319.31266362192991,3318.2950698251816,3319.86578191534863,3319.95801364019871,3319.95809449188118,3320.69312566195594,3317.18035276844875,3318.7582988005065,3318.01705346442486,3319.31266368954175,3318.57306146285736,3318.85067494924578,3318.75810873073169,3317.45969931737954,3321.06025243362455,3320.23412156504582,3319.12798478942113,3320.23400632525226,3319.03559566359308,3320.41759883293025,3320.32592569406688,3321.24332629818036,3320.14204785049332,3320.69351347788188,3319.86595527391227,3319.95787219832254,3319.40493853292855,3318.57310762282168,3319.68161143359157,3320.23519061368779,3320.41904679326808,3320.32708930208036,3320.87806184811461,3321.24489773831146,3320.23529155847154,3320.41909862669535,3321.24458818041785,3318.75952316961138,3320.51086721619549,3321.79328397904873,3320.78602191875961,3320.51101110368745,3319.68281582099507,17.7688875166070446,17.7595197163472207,17.4375576481323193,17.8583443819078802,19.6665004637584424,17.6192973753653454,17.4809927264121185,17.7214437773204914,16.0259878998117564,16.109948172067746,16.0044205222561011,16.326901839240417,16.3141402810047076,16.3027144258046732,16.3081121096243038,16.5919057083812902,17.2851446649013276,17.1857422839488976,16.9583638911918015,17.038686527719463,17.0951194631930043,17.0334497830514202,17.0165452046052756,17.1368255751886735,3321.26992012053096,3321.7268762206977,3320.62833819218121,3322.27449664051482,3320.3527023577335,3320.44458849789134,5.00043335976624448,4.99987082841716201,0.588664422956736488,-5.00016405096516614,4.99982397048368288,4.99982397873487372,-0.00246670210043985422,-0.00233012631451474288,-0.00247319942731690553,-0.00242027515606566121,-0.00288055419921875002,-0.00222823688178174981,-0.00277201008842506555,-0.00269016510723912991,-0.00268000156268312709,-0.00263320854784653479,-0.00251417801917457181,-0.00271341710549960567,-0.00266003679859993418,-0.00279889828820100925,-0.0023915548575691066,-0.00258224333156237577,-0.0030550548964380312,-0.00291325871822720921,-0.0023708277338500487,-0.00229248306323060576,-0.00294446598357773993,-0.00264840387199337564,-0.00243998704956714706,-0.00240415605369253367,-4.78885616398544833,5.00029275891706071,-5.00091408392384196,-5.00065637306995114,4.99991771110885352,-0.00000906129833995060388,0.0000199700105058426526,0.000000895998917596667123,0.0000196160729628819587,0.0000300404458592504533,-0.00000759979126964291331,0.0000714543410103141137,-0.0000311390540493012772,0.0000343699705459545534,-0.0000208101871739198356,-5.00063279766880519,-5.00154709255989171,5.00055064035444196,4.99935526994195722,4.99961300082820248,5.00076156385513926,5.00005834824183814,4.99954267101613503,-3.84388878743965145,5.00008178710937478,-0.00298420080158128681
4/23/2014 2:53:22.575 PM,66,3316.90139346008163,3320.8775958083861,3321.24361853582604,3319.31295848325453,3318.29536605203566,3319.86607602945287,3319.9583076293602,3319.95838848093308,3320.69341865174556,3317.18065047774189,3318.75859440720705,3318.01735006231138,3319.31295855086637,3318.57335731783905,3318.85097043198538,3318.75840433768735,3317.45999665647968,3321.06054492193652,3320.23441517958417,3319.12827989944798,3320.23429993994705,3319.03589089789147,3320.41789219803467,3320.32621918384848,3321.24361853582604,3320.14234159005582,3320.69380646714262,3319.8662493877814,3319.95816618767594,3319.40523326984157,3318.57340347774152,3319.68190579688826,3320.23517755190459,3320.41903374260027,3320.327076245851,3320.8780488252737,3321.24488473778865,3320.23527849669471,3320.41908557603073,3321.24457517987593,3318.75951001924704,3320.51085417108515,3321.79327101202261,3320.78600889033032,3320.51099805858575,3319.68280272592301,17.7735159193335832,17.7585193833878527,17.4332089377550545,17.8596267444910026,21.2217327352450091,17.6222535291351328,17.4634842047022687,17.7033352627195484,16.0290223897206161,16.1020920503492135,15.9958018193039209,16.3407481359575932,16.3158050973805579,16.3095589383418975,16.3141197161869265,16.6014890043992587,17.2868719753592757,17.1943202848366603,16.9792801421833808,17.0444487125699631,17.0945629720239758,17.0449995207798004,17.0150756668858598,17.1560581793351865,3321.27051845989672,3321.72747327506977,3320.62893832715644,3322.27509214818746,3320.3533032610876,3320.44518914530044,5.00043335976624448,4.99987082841716201,0.590441225655438107,-5.00016405096516614,4.99982397048368288,4.99982397873487372,-0.00248104569833667958,-0.00233546714103786144,-0.00247442018766504688,-0.00241111923885273206,-0.0028887939453124999,-0.00221099566241436153,-0.00276544973167835778,-0.00269001250146501565,-0.0026816802261983826,-0.0026284784340992011,-0.00250761581706802558,-0.00270487158276753841,-0.00265881603825179284,-0.00276792149436692328,-0.00238484240628929851,-0.0025776653729559112,-0.00306588939847333032,-0.00291157997601168952,-0.00237677921953620679,-0.00229156736419328664,-0.00293485272115752731,-0.00263802862494043377,-0.00243128872433353129,-0.00241453300309404017,-4.7894209244928021,5.00029275891706071,-5.00091408392384196,-5.00065637306995114,4.99991771110885352,0.0000242927058258042407,0.0000177640032337686653,-0.00000427240369736472575,0.0000135137015325251502,0.0000263378536906510738,-0.0000072535141483645225,0.0000793993079973433312,-0.0000301056141948291519,0.0000362010824557017322,-0.0000207995090248055235,-5.00063279766880519,-5.00154709255989171,5.00055064035444196,4.99935526994195722,4.99961300082820248,5.00076156385513926,5.00005834824183814,4.99954267101613503,-3.84415015824453565,5.00008178710937478,-0.00299396665546848746
4/23/2014 2:53:23.575 PM,67,3316.90176440614095,3320.87796010934926,3321.24398221364754,3319.31332542592599,3318.2957346939429,3319.86644204229878,3319.95867348673073,3319.95875433816763,3320.69378326551941,3317.18102096436496,3318.75896227740895,3318.0177191659236,3319.31332549353783,3318.5737254969963,3318.85133814793198,3318.75877220820666,3317.46036668244232,3321.0609089116815,3320.23478057078136,3319.12864715159958,3320.23466533133932,3319.03625830468354,3320.41825727884179,3320.32658441980129,3321.24398221364754,3320.14270713683072,3320.69417108025845,3319.86661540033537,3319.95853204528475,3319.40560005769884,3318.57377165682146,3319.68227211982457,3320.23596121358332,3320.41981673716418,3320.32785957421038,3320.87883014970111,3321.24566472270498,3320.23606215800737,3320.41986857040638,3321.24535516592504,3318.76029899744799,3320.51163683208733,3321.79404898652819,3320.7867905501771,3320.51178071906451,3319.68358838554832,17.7627714982207863,17.7553026332682187,17.4236752415960012,17.8527596768040482,20.266613209853741,17.6161464772381997,17.4674958582910875,17.7168499838771431,16.0323522032098111,16.0952927783181465,15.9994374288124934,16.3471232687735863,16.3169269070556417,16.314260780731999,16.3127275558723141,16.612585417132653,17.2894878877909264,17.1988388981729265,16.9739017623408159,17.0427259327660252,17.0929926432098469,17.0482252468418878,17.0246949917332593,17.1501495444481478,3321.27090867959123,3321.72786265670356,3320.62932971792952,3322.27548052107977,3320.35369515298998,3320.44558087027826,5.00043335976624448,4.99987082841716201,0.592501370785353809,-5.00016405096516614,4.99982397048368288,4.99982397873487372,-0.00247997755806776731,-0.00233867163695173231,-0.00246862157601137559,-0.00242225893812846255,-0.00288528442382812462,-0.00222060802365458675,-0.00277918071091565275,-0.00268100876079228065,-0.00268045938000546942,-0.00262039146543440382,-0.00250776842641934044,-0.00269708905313654872,-0.00265576413738143969,-0.0027746356762817009,-0.00238545262913291735,-0.00257827576743677308,-0.00305871726332320295,-0.00290425455543487626,-0.00234946342625871191,-0.00228882026708132798,-0.00293470012969053971,-0.00262597502909951664,-0.00243937664077882328,-0.00240537687126918167,-4.78967109813376268,5.00029275891706071,-5.00091408392384196,-5.00065637306995114,4.99991771110885352,0.0000498249288773564367,0.0000279580147081797144,-0.000011255700201631817,0.0000203605622773854879,0.0000185297491834151156,-0.00000764860566559405178,0.0000690598628691983108,-0.0000308749697142589203,0.0000338709925505484505,-0.0000213303655807741568,-5.00063279766880519,-5.00154709255989171,5.00055064035444196,4.99935526994195722,4.99961300082820248,5.00076156385513926,5.00005834824183814,4.99954267101613503,-3.84582854636696725,5.00008178710937478,-0.00298694744798706216
4/23/2014 2:53:24.575 PM,68,3316.90208235484351,3320.87827236180146,3321.24429393193622,3319.31363994287994,3318.29605066750082,3319.86675576219613,3319.95898707335254,3319.95906792467258,3320.69409578611657,3317.18133851923357,3318.75927758945226,3318.01803553525996,3319.31364001049132,3318.57404107387947,3318.85165332774659,3318.75908752052146,3317.46068384242789,3321.06122089735436,3320.2350937577944,3319.12896193384313,3320.23497851851925,3319.03657321948685,3320.41857019978533,3320.3268974737366,3321.24429393193622,3320.1430204572066,3320.69448360029127,3319.86692911998216,3319.9588456321112,3319.40591444194387,3318.57408723363914,3319.68258610553448,3320.23677752751154,3320.42063235617979,3320.32867554093127,3320.87964402898705,3321.24647720666507,3320.23687847155452,3320.42068418922599,3321.24616765106429,3318.76112084943179,3320.5124521036414,3321.79485937630624,3320.78760477885953,3320.51259599007426,3319.68440678067554,17.6810880646123216,17.7413839222761105,17.4217037011213023,17.8504846908220358,19.632718813975373,17.6048169349045267,17.4535808523818403,17.7054513579165693,16.0297705196351927,16.099793386787244,15.9923604453457528,16.3379937825332355,16.31084003906129,16.3137345471926629,16.3190576486482826,16.6151812868477719,17.2906184477730846,17.1929672127002107,16.9815053226921577,17.0408879567354567,17.1107208978325609,17.0435699938746445,17.0246081623999004,17.1479316808247333,3321.27125337412098,3321.72820661095238,3320.62967544690309,3322.27582358428071,3320.35404132462463,3320.44592689446426,5.00043335976624448,4.99987082841716201,0.593866968394059724,-5.00016405096516614,4.99982397048368288,4.99982397873487372,-0.00247845164339789226,-0.00234859031478038037,-0.00247609873314374139,-0.0024131030209155334,-0.00288238525390624965,-0.00220702865618823676,-0.00277643451506819376,-0.00268818123217564589,-0.00268870009180763401,-0.00264633079888752613,-0.00250547928614961498,-0.00270197220898344423,-0.00266507243503601729,-0.00275403534540681573,-0.00239506363891991547,-0.002592467439116813,-0.0030567334812604016,-0.00292546775252189827,-0.00241767660835390816,-0.00229935080601050218,-0.00293897269076618967,-0.00263802862494043377,-0.00244441251328249547,-0.00240644508664874862,-4.79202767582917843,5.00029275891706071,-5.00091408392384196,-5.00065637306995114,4.99991771110885352,0.00000955130453387314081,0.0000659208673764294081,-0.00000680776008940573962,0.0000320221940807973514,0.0000197965057786078161,-0.00000830607456106095199,0.0000612125673933427143,-0.00003166416972129303,0.0000276040120394387263,-0.0000214844360179949395,-5.00063279766880519,-5.00154709255989171,5.00055064035444196,4.99935526994195722,4.99961300082820248,5.00076156385513926,5.00005834824183814,4.99954267101613503,-3.84762884649938286,5.00008178710937478,-0.00298099638077454956
4/23/2014 2:53:25.575 PM,69,3316.90261227186465,3320.87879278529817,3321.24481346518041,3319.31416414045588,3318.29657729269274,3319.86727863137639,3319.95950972041191,3319.95959057153686,3320.69461665650988,3317.18186777988057,3318.75980311214561,3318.01856282006656,3319.31416420806726,3318.57456703796242,3318.85217863006346,3318.75961304366819,3317.46121244495225,3321.06174087622866,3320.23561573885535,3319.12948657355764,3320.23550049985851,3319.03709808012899,3320.41909173740623,3320.32741923300682,3321.24481346518041,3320.14354266053351,3320.69500446974461,3319.86745198874496,3319.95936827951163,3319.40643841834435,3318.57461319761205,3319.68310941772506,3320.23694078899643,3320.42079547867615,3320.32883873297169,3320.87980680352302,3321.2466397021235,3320.237041732963,3320.42084731168324,3321.24633014675873,3318.76128521857572,3320.51261515664282,3321.79502145291007,3320.78776762327788,3320.51275904296699,3319.68457045841842,17.5879755978933829,17.7395438774777574,17.4212332334428126,17.8470476396121818,19.4760003060050266,17.6024447562468502,17.46779346005194,17.7184404459360749,16.0268638602490263,16.0878218876794285,15.9886903076203897,16.3162796659742391,16.3099883291250869,16.3133397458636224,16.3181296250467298,16.609532965413365,17.2984163913507203,17.1990147093118857,16.9893819725624766,17.0435107609027092,17.1138002760487779,17.0381981773834781,17.0293620620096675,17.145759200230561,3321.27308090483211,3321.7300302167705,3320.63150846213329,3322.27764246585229,3320.35587668679636,3320.44776147487664,5.00043335976624448,4.99987082841716201,0.595108060120228766,-5.00016405096516614,4.99982397048368288,4.99982397873487372,-0.002472958350586342,-0.00233912942208228504,-0.00247152088183821145,-0.00241783357814221323,-0.00288513183593749976,-0.0022105379309267318,-0.00277826531229983294,-0.00268512911669336251,-0.00267435514904090354,-0.00263122495175894308,-0.00251600933139035227,-0.00271021253447508055,-0.00265332261668515699,-0.00276135990749566381,-0.00238224895920391812,-0.00258514270534646994,-0.00305536009367846214,-0.00291020645965353684,-0.00235495710535362727,-0.00231674908771957282,-0.0029296646112799518,-0.00262612760626205989,-0.00242884708918023572,-0.00238920103837859813,-4.79399212656691986,5.00029275891706071,-5.00091408392384196,-5.00065637306995114,4.99991771110885352,0.0000119295900483008775,0.0000651916339905017731,0.00000405565438510112134,0.000030624751023245638,0.000018073411566592687,-0.00000794759384079477572,0.0000671110109978121598,-0.0000312733859653921916,0.0000263207077760242469,-0.0000207156092817645036,-5.00063279766880519,-5.00154709255989171,5.00055064035444196,4.99935526994195722,4.99961300082820248,5.00076156385513926,5.00005834824183814,4.99954267101613503,-3.84944577793228459,5.00008178710937478,-0.00299701848480823756
4/23/2014 2:53:26.575 PM,70,3316.90255265870973,3320.8787342403898,3321.24475502044697,3319.31410517087442,3318.29651804994682,3319.86721981127084,3319.95945092530018,3319.95953177644742,3320.69455806131554,3317.18180824058299,3318.75974399345659,3318.01850350309814,3319.3141052384858,3318.5745078696068,3318.85211953617226,3318.75955392492824,3317.46115297970936,3321.06168238135114,3320.23555701868417,3319.129427554225,3320.23544177965595,3319.03703903593668,3320.41903306713311,3320.32736053779262,3321.24475502044697,3320.14348391535213,3320.69494587465578,3319.86739316868624,3319.95930948436171,3319.4063794736503,3318.57455402926871,3319.68305054777056,3320.23742404581025,3320.42127832409733,3320.32932178423607,3320.88028861901193,3321.24712069157021,3320.23752498955127,3320.421330156988,3321.24681113690348,3318.76177175395605,3320.51309779636449,3321.79550120258682,3320.78824964561181,3320.51324168236578,3319.68505494731607,17.7090953670023197,17.7312784526940561,17.4177613247929095,17.8369592667102132,19.5670385529541058,17.5928873175880014,17.4507051735343879,17.7103335337155094,16.0265883022620485,16.0915069472163772,15.9955750449476159,16.3536174874590259,16.3130642430460426,16.3145114123572732,16.3167871702833835,16.6233442543021681,17.2903805052169481,17.2073433991781819,16.9811143308924812,17.0438472367405112,17.1183240080772734,17.0491941476439948,17.0346464157053567,17.1585773422127481,3321.27338657535165,3321.73033523078902,3320.63181505002558,3322.27794668966589,3320.35618366725248,3320.44806832457106,5.00043335976624448,4.99987082841716201,0.596042159400731242,-5.00016405096516614,4.99982397048368288,4.99982397873487372,-0.00247219539325140448,-0.00233134707486288423,-0.00246358593957529248,-0.002411424436093163,-0.00287124633789062481,-0.0022187770977040674,-0.00276361893444671859,-0.00268375566472633552,-0.00267786508184552881,-0.00262405348898072689,-0.00248762399204575675,-0.00270517678000796935,-0.00265683230268606331,-0.00277692460193446587,-0.00238026573496215657,-0.00257888616191763497,-0.00305566529091889309,-0.00291692142851561606,-0.00237830524150701647,-0.00232972149074826569,-0.00292676537340718929,-0.00263680800764008782,-0.00243220433751601718,-0.00240201962293340021,-4.79562245277747401,5.00029275891706071,-5.00091408392384196,-5.00065637306995114,4.99991771110885352,0.0000129401324170756919,0.0000884721809973129924,-0.0000136674179014661343,0.0000290198273370617995,0.0000142548272278310834,-0.00000877438767221718982,0.0000538185287740271942,-0.0000325464861701628807,0.0000292382794188880859,-0.0000211183280483613976,-5.00063279766880519,-5.00154709255989171,5.00055064035444196,4.99935526994195722,4.99961300082820248,5.00076156385513926,5.00005834824183814,4.99954267101613503,-3.85163454862467391,5.00008178710937478,-0.0029855741247841747
4/23/2014 2:53:27.575 PM,71,3316.90312231692314,3320.87929369283165,3321.24531351584573,3319.31466868054394,3318.29708416936227,3319.86778189288224,3319.96001276812694,3319.96009361906453,3320.69511799418251,3317.18237719317767,3318.76030892765993,3318.01907033161614,3319.31466874815532,3318.57507327831444,3318.85268423346542,3318.76011885961861,3317.46172122480584,3321.06224135581305,3320.23611814554578,3319.12999153920463,3320.23600290681679,3319.03760325841904,3320.41959371728626,3320.32792142622383,3321.24531351584573,3320.14404528115528,3320.69550580651184,3319.86795524984927,3319.95987132755408,3319.40694274555016,3318.57511943785812,3319.68361310562932,3320.23781587662324,3320.42166982135268,3320.32971344838915,3320.8806792811988,3321.2475106840011,3320.237916820181,3320.42172165414922,3321.24720112990053,3318.76216624303106,3320.51348912683852,3321.79589018981187,3320.7886404755086,3320.51363301257833,3319.68544777710258,17.7595514882525833,17.7380784539125962,17.4205290783769051,17.8355418701727863,19.6620502929232756,17.5929911724192394,17.4482985821301781,17.7086124788263959,16.0426818611262831,16.0919916641826788,15.998573582538949,16.3403974687891029,16.3114160914713899,16.3114923410434045,16.3201671102783656,16.6092850101685485,17.2913409205367863,17.2127184184859665,16.9662371490875401,17.0437416096494019,17.1270485217828785,17.050992260539271,17.0394893133496943,17.1659310106822716,3321.27362070632898,3321.73056885891992,3320.63204988366533,3322.27817971253853,3320.35641880157572,3320.44830335873757,5.00043335976624448,4.99987082841716201,0.59648800031834448,-5.00016405096516614,4.99982397048368288,4.99982397873487372,-0.00245067999640616579,-0.00232524327312217793,-0.00246175479905308067,-0.00238624566375760829,-0.00285903930664062464,-0.00219436475169714623,-0.00274393786420659616,-0.00265338711567761863,-0.00266168886978942858,-0.00261993371249111349,-0.00248853964815364676,-0.00269510527107374781,-0.00264584545955279162,-0.00274045438653374362,-0.00236638316526982615,-0.00257537639365267891,-0.00303735345649303479,-0.00290730681400854819,-0.00233008294722942795,-0.00227661094658373467,-0.00291822025125588894,-0.0026180410166472671,-0.00242838928258899299,-0.00238340215488952109,-4.79851417921310119,5.00029275891706071,-5.00091408392384196,-5.00065637306995114,4.99991771110885352,0.00000180737487104136407,0.0000727875608284384106,-0.0000281163544499671796,0.0000172163153978941446,0.0000192516478213984259,-0.00000683706633290637057,0.0000712193189365525936,-0.0000308627577218870152,0.00002710503404403262,-0.0000214279943726764337,-5.00063279766880519,-5.00154709255989171,5.00055064035444196,4.99935526994195722,4.99961300082820248,5.00076156385513926,5.00005834824183814,4.99954267101613503,-3.85360924854108422,5.00008178710937478,-0.00297031497808542379
4/23/2014 2:53:28.575 PM,72,3316.90357937114777,3320.87974255896278,3321.24576161414142,3319.31512080179072,3318.2975383844091,3319.86823286839671,3319.96046355206408,3319.96054440283387,3320.69556724575886,3317.18283368128459,3318.76076219181004,3318.01952511557601,3319.31512086940165,3318.57552692315948,3318.85313730754251,3318.7605721241598,3317.46217714528666,3321.06268983846121,3320.23656835506426,3319.13044404179254,3320.23645311657537,3319.03805595155518,3320.42004354434175,3320.32837144444965,3321.24576161414142,3320.1444956823766,3320.69595505727738,3319.86840622500403,3319.96032211178544,3319.40739467603407,3318.57557308260857,3319.68406446323751,3320.23793342470617,3320.42178726936299,3320.3298309464717,3320.88079647867562,3321.24762768054051,3320.23803436820935,3320.42183910213134,3321.24731812660957,3318.76228458863488,3320.51360652481207,3321.79600688477376,3320.78875772330093,3320.51375041047367,3319.68556562489357,17.7625411807250053,17.7319384114170901,17.4067015972529297,17.8342720785983282,18.8507207559515599,17.5837325429004956,17.4403340367673003,17.7079516565169968,16.0363095662365325,16.0932337261471794,16.0056812763959861,16.325345241782216,16.3118965451696489,16.3159338493396255,16.3159242159269411,16.616846981517142,17.3003733631191352,17.2211424231762145,17.0039793545775026,17.0516337220629381,17.1427079543149468,17.0586572664876961,17.0423571015240434,17.1602742041799026,3321.27377028992987,3321.7307181212559,3320.63219991619007,3322.27832858818101,3320.3565690262053,3320.44845351937738,5.00043335976624448,4.99987082841716201,0.596513481301657711,-5.00016405096516614,4.99982397048368288,4.99982397873487372,-0.00245983548442541607,-0.00231562978538056488,-0.00244969979061518536,-0.00240455749818346614,-0.00286346435546874995,-0.00218383692748166155,-0.00273920830469152801,-0.00265857571199749985,-0.00266931915849513615,-0.00261245708108403738,-0.0024790778683721152,-0.00267725123250853615,-0.00263455342633248406,-0.00275357756027626299,-0.0023683663895115877,-0.00256423669437694842,-0.00303872684407497425,-0.00290272842614803985,-0.0023696069162734007,-0.002274474315496656,-0.00290677589123182565,-0.0026091915412197581,-0.00241068742772759977,-0.00237897669117417268,-4.80163226776559515,5.00029275891706071,-5.00091408392384196,-5.00065637306995114,4.99991771110885352,-0.0000134438771024166059,0.0000646271646331937725,-0.0000233845032667479488,0.00000938697285274635914,0.0000292758132638389596,-0.00000665553779796307292,0.0000786881373066104068,-0.0000302246811204551868,0.0000238960104222006895,-0.0000207140838318910295,-5.00063279766880519,-5.00154709255989171,5.00055064035444196,4.99935526994195722,4.99961300082820248,5.00076156385513926,5.00005834824183814,4.99954267101613503,-3.85550643744238552,5.00008178710937478,-0.00294147519082478505
4/23/2014 2:53:29.575 PM,73,3316.9039304415819,3320.88008733997276,3321.24610580536273,3319.31546808311395,3318.29788727401864,3319.86857926966286,3319.96080980617625,3319.9608906568169,3320.69591232283664,3317.18318431687294,3318.76111035101848,3318.01987444217775,3319.31546815072488,3318.5758753747873,3318.85348532075249,3318.76092028366883,3317.46252734487143,3321.06303432491086,3320.23691416795463,3319.13079161603127,3320.23679892965037,3319.03840367215752,3320.42038906345533,3320.32871711040479,3321.24610580536273,3320.14484164251734,3320.69630013373216,3319.86875262599369,3319.96066836612362,3319.40774181082952,3318.57592153416317,3319.68441115799669,3320.23861259456998,3320.4224658610442,3320.33050982745135,3320.88147362286372,3321.24830366378682,3320.23871353775575,3320.42251769364975,3321.24799411083722,3318.76296836628262,3320.51428482739811,3321.79668112561421,3320.78943515819446,3320.51442871260633,3319.68624652636026,17.7532293590069585,17.7355577477675688,17.4129851033311382,17.8356080975584561,18.5805660819815728,17.5945793981011071,17.4420509576529277,17.7009231021880531,16.0370381892739893,16.1168878991012328,16.0129604798025156,16.3301088999375459,16.3111779447807095,16.3206231298874371,16.3213000377940602,16.6077526719699691,17.3035953076045921,17.2238314726542256,16.9985221510449698,17.0437422553363582,17.1179908001717109,17.0630221276124345,17.0554747354537355,17.1548955006577763,3321.27397840601406,3321.73092579036119,3320.6324086568693,3322.2785357192738,3320.35677803416183,3320.44866243830483,5.00043335976624448,4.99987082841716201,0.596162240441854285,-5.00016405096516614,4.99982397048368288,4.99982397873487372,-0.00246273472229817901,-0.00232692181860087201,-0.00246328074948825747,-0.00238655086099803923,-0.00286361694335937481,-0.00220443484442500119,-0.00274576866143823534,-0.00267353107786068691,-0.00267054000468804932,-0.00261932337523339319,-0.0024888448668562769,-0.00270090401864193615,-0.00264843957529259161,-0.00274823673375314487,-0.00236256927249720765,-0.0025814803384612982,-0.00303124951168441551,-0.00290425455543487626,-0.00232565748351407954,-0.00227477954850909556,-0.00291989875739275158,-0.00261971936543524278,-0.00242487943205613047,-0.00239728895482388968,-4.80572128647681218,5.00029275891706071,-5.00091408392384196,-5.00065637306995114,4.99991771110885352,-0.0000159290175500984759,0.0000553729183590576685,-0.0000267303799743661939,0.00000624882834468537132,0.0000278152276474541242,-0.00000878964217095191931,0.000053212660181278329,-0.0000316214277479913726,0.0000261253891723178812,-0.0000210435810045612158,-5.00063279766880519,-5.00154709255989171,5.00055064035444196,4.99935526994195722,4.99961300082820248,5.00076156385513926,5.00005834824183814,4.99954267101613503,-3.85768391716013337,5.00008178710937478,-0.0030157872352477009
4/23/2014 2:53:30.575 PM,74,3316.90387744928875,3320.88003529697925,3321.2460538513892,3319.31541566273335,3318.29783461088982,3319.86852698211441,3319.96075754083904,3319.96083839149878,3320.69586023515603,3317.18313139021347,3318.7610577981336,3318.01982171309146,3319.31541573034428,3318.575822777766,3318.85343278990421,3318.76086773073848,3317.46247448402073,3321.06298232637664,3320.23686196921335,3319.13073915143968,3320.23674673088089,3319.03835118547385,3320.42033690905509,3320.32866493384153,3321.2460538513892,3320.14478942155074,3320.69624804614522,3319.86870033848708,3319.96061610075185,3319.4076894125651,3318.57586893715324,3319.68435882614949,3320.23893911949926,3320.42279210800552,3320.33083621349578,3320.88179917392562,3321.24862865671229,3320.23904006253269,3320.4228439405324,3321.24831910423427,3318.76329710645768,3320.51461093537318,3321.79700528085823,3320.7897608490166,3320.51475482036357,3319.68657388377823,17.7343394919303385,17.7244198207600618,17.4147839157332704,17.8341353528193984,18.6815439913283292,17.5839760395085669,17.4382193395243625,17.698690442149168,16.0508678289077338,16.1066540875057207,16.0113333371040483,16.3369338788684999,16.3067323453272692,16.3211285981318532,16.3158629651264597,16.6152632814511101,17.3031291927639863,17.2239744895353404,17.009324827393641,17.0677876077866557,17.1274215375162768,17.0684181586450414,17.05401908574607,17.1686619446397337,3321.27441415060457,3321.73136059910757,3320.63284570917676,3322.27896940158098,3320.3572156460691,3320.44909986381117,5.00043335976624448,4.99987082841716201,0.596623186852569431,-5.00016405096516614,4.99982397048368288,4.99982397873487372,-0.00249462633889856785,-0.00236827507539415921,-0.00248617000601590718,-0.00242119074778695403,-0.00288940429687499978,-0.00220916473646384217,-0.00278833469707384912,-0.00269413285736609795,-0.00270655496737898975,-0.00264205843808348233,-0.0025317280945757999,-0.00272226782547210387,-0.002673465162429489,-0.00277585643662984182,-0.00240742065150319857,-0.00260757470251814618,-0.00306924656811807112,-0.00293843985146000509,-0.00239387066560927623,-0.00230179267011002085,-0.00295407924599795299,-0.00265298118686967338,-0.00244899057919492451,-0.00242735158764884225,-4.8100542206720176,5.00029275891706071,-5.00091408392384196,-5.00065637306995114,4.99991771110885352,-0.000015967180026260668,0.0000655699810191838923,-0.0000312347970200694018,0.00000652801183762419517,0.0000381431094301878495,-0.00000886591466462557359,0.000064664644866385378,-0.0000315405232985275299,0.000028064841870058435,-0.0000210695136524102592,-5.00063279766880519,-5.00154709255989171,5.00055064035444196,4.99935526994195722,4.99961300082820248,5.00076156385513926,5.00005834824183814,4.99954267101613503,-3.85937969948674286,5.00008178710937478,-0.00298938891145886232
4/23/2014 2:53:31.575 PM,75,3316.90446698391269,3320.88061427023058,3321.24663183425127,3319.3159988345792,3318.29842048341379,3319.86910867614415,3319.96133898776315,3319.96141983820643,3320.69643970557172,3317.18372019463277,3318.76164244414803,3318.0204083194244,3319.31599890219013,3318.57640791481799,3318.85401719075389,3318.76145237725722,3317.46306255629042,3321.06356080499426,3320.23744267522624,3319.13132281515663,3320.23732743720347,3319.03893509496902,3320.42091712174988,3320.32924539311625,3321.24663183425127,3320.14537037483069,3320.69682751551545,3319.86928203205207,3319.96119754805522,3319.40827233835671,3318.5764540740829,3319.6849410130203,3320.23912197231538,3320.42297480515435,3320.33101898853419,3320.88198148135825,3321.24881065157751,3320.23922291526332,3320.42302663763757,3321.24850109936369,3318.76348119985323,3320.51479355468745,3321.79718680660607,3320.78994323471715,3320.51493743955598,3319.68675720280362,17.7224772373640462,17.7148344401782971,17.4055780069299608,17.8285088820279789,19.0631150989801234,17.5874027763631879,17.4265060882133156,17.6863745170999706,16.0544490419324504,16.1273735468874904,16.0232188528794275,16.3426472896745309,16.3135904934317644,16.3154946908978573,16.3176180129270243,16.6023214047594187,17.310127405391853,17.2422375122699805,17.0151075458766634,17.0808761852716273,17.1348023619691112,17.0761798592088603,17.063225455366819,17.1685817395995137,3321.27449869767269,3321.73144496458917,3320.63293050998845,3322.27905354849372,3320.35730055546264,3320.44918473703637,5.00043335976624448,4.99987082841716201,0.597463448978954092,-5.00016405096516614,4.99982397048368288,4.99982397873487372,-0.00248806490581810532,-0.00234599619904058039,-0.00247838765879650636,-0.00241401861263682623,-0.00288619995117187465,-0.00222335441258036514,-0.00277597681576028385,-0.00269382764581786944,-0.00270777581357190293,-0.00263641281844956754,-0.00251204148825616121,-0.00270624497034947786,-0.00266629319538415864,-0.00277692460193446587,-0.0023874358533746789,-0.00259353562945832152,-0.00306924656811807112,-0.00292088936466138992,-0.00237189594922961565,-0.00229950342251672218,-0.00295163778252615283,-0.0026473358318555725,-0.00244899057919492451,-0.00241514341188236396,-4.81281696801880265,5.00029275891706071,-5.00091408392384196,-5.00065637306995114,4.99991771110885352,-0.00000184248434911057318,0.00009239142904845966,-0.0000262129291514270585,0.00000954410891707804803,0.0000344038881552214489,-0.00000926558253147552273,0.0000588592944210032839,-0.0000319389395496608012,0.0000270195821549110863,-0.0000215057923162235638,-5.00063279766880519,-5.00154709255989171,5.00055064035444196,4.99935526994195722,4.99961300082820248,5.00076156385513926,5.00005834824183814,4.99954267101613503,-3.8606474928421326,5.00008178710937478,-0.00298755781385501209
4/23/2014 2:53:32.575 PM,76,3316.90444048889276,3320.88058824996142,3321.24660585850233,3319.3159726255767,3318.29839415301148,3319.8690825335716,3319.96131285629871,3319.961393706752,3320.69641366295491,3317.18369373243695,3318.7616161688793,3318.02038195603609,3319.31597269318763,3318.57638161747627,3318.85399092650595,3318.76142610196575,3317.46303612700558,3321.06353480695997,3320.23741657706705,3319.13129658404341,3320.23730133903018,3319.0389088528077,3320.42089104576643,3320.32921930604834,3321.24660585850233,3320.14534426555656,3320.69680147294548,3319.86925588950089,3319.96117141657396,3319.40824614041503,3318.57642777674664,3319.68491484829428,3320.2392591128173,3320.42311182890989,3320.33115607070431,3320.8821182128363,3321.24894714863876,3320.23936005570112,3320.42316366135992,3321.24863759662321,3318.76361927075686,3320.5149305200689,3321.79732295184112,3320.79008002489445,3320.51507440484556,3319.68689469294986,17.7127820588249172,17.7134286186903864,17.4035632772905373,17.8148558884175401,19.2041525110607516,17.5809757792455663,17.4181775146615756,17.6756166893917488,16.0771785029033936,16.1549843140629754,16.0397879318320804,16.3680415843512392,16.3261988823052526,16.3135544304480824,16.3347997980415584,16.5991634251376929,17.3198920479664196,17.2587003999033683,17.0417787796888938,17.1072358559955369,17.1549231137049247,17.0889166851164624,17.073143139838912,17.1817707413756224,3321.27488241198807,3321.73182785479048,3320.6333153758951,3322.27943544673871,3320.3576859141599,3320.44956993158666,5.00043335976624448,4.99987082841716201,0.598260683337109245,-5.00016405096516614,4.99982397048368288,4.99982397873487372,-0.00248852268021906766,-0.00232951593434067242,-0.00247808246870947092,-0.00241783357814221323,-0.00289413452148437481,-0.00223159357935770117,-0.00277155238911715564,-0.00269047031878735798,-0.0027009085537367662,-0.00262802068115591033,-0.0025213506586863779,-0.00270380339242603032,-0.00266125755894807553,-0.00279096334593809071,-0.00239735197458348622,-0.00259277263635724394,-0.0030457463806048868,-0.00294408652982129909,-0.00237861044590117858,-0.00230896564590235684,-0.00294416080064376518,-0.00264092759102875583,-0.00243968184517298495,-0.00240308783831296715,-4.81549851196290923,5.00029275891706071,-5.00091408392384196,-5.00065637306995114,4.99991771110885352,0.000023259265971332112,0.0000887376341545335196,-0.0000248544299407608899,0.00000993313509576329418,0.0000302373273059731761,-0.00000911303754412821418,0.0000541954797624628898,-0.0000323098788179572948,0.0000280450048243695077,-0.000022021394373457466,-5.00063279766880519,-5.00154709255989171,5.00055064035444196,4.99935526994195722,4.99961300082820248,5.00076156385513926,5.00005834824183814,4.99954267101613503,-3.8620281959439402,5.00008178710937478,-0.00300953098510121312
4/23/2014 2:53:33.575 PM,77,3316.9046657015574,3320.88080942769192,3321.24682665785803,3319.31619540736528,3318.2986179665836,3319.86930475076587,3319.96153497908699,3319.96161582945751,3320.6966350306252,3317.18391866612955,3318.76183951386838,3318.02060604995813,3319.31619547497575,3318.57660515006455,3318.85421417783072,3318.76164944714764,3317.46326078098354,3321.06375579571704,3320.23763841679283,3319.13151955374951,3320.23752317887419,3319.03913191641231,3320.42111269702172,3320.32944105150909,3321.24682665785803,3320.14556619974973,3320.69702284021605,3319.86947810651736,3319.96139353950729,3319.40846882819914,3318.57665130928853,3319.68513725377624,3320.2396052254603,3320.42345764688934,3320.33150203612103,3320.88246329311914,3321.2492916372621,3320.23970616818223,3320.42350947925615,3321.24898208574677,3318.76396773169881,3320.5152761907143,3321.79766655246976,3320.7904252533317,3320.5154200752604,3319.68724168808239,17.7196161740432849,17.7080145427657065,17.3928216666012219,17.8164423748977221,18.8983639723180552,17.5754107015118279,17.4180143292029967,17.676822480292806,16.0835632203717083,16.1476618633235525,16.0518118572134192,16.3508994142561228,16.3303008325860901,16.3341856720056206,16.3341792305306441,16.6040255135825845,17.3353261317375029,17.2746673722011437,17.0619392904627247,17.1219104881329294,17.1756139972409691,17.10039650280061,17.0921560675456234,17.1949970016571605,3321.27522060061528,3321.73216531707566,3320.63365457948839,3322.27977203475393,3320.35802555207919,3320.44990942483309,5.00043335976624448,4.99987082841716201,0.599196766167210959,-5.00016405096516614,4.99982397048368288,4.99982397873487372,-0.00249157450955881776,-0.00235576228182571073,-0.00248250772497148314,-0.00242058035330609215,-0.00289138793945312471,-0.0022085544278136692,-0.00277780761299192304,-0.00268406087627456359,-0.00269449911122397181,-0.00264099034788247171,-0.00251814586230876244,-0.00271021253447508055,-0.00266125755894807553,-0.00277204156054190049,-0.00238301173775844156,-0.00259643500324241569,-0.00306726278605526977,-0.00290517023300697775,-0.00236273981740475671,-0.00230515023324685906,-0.00293759936756330222,-0.00264123274535384232,-0.00244166567373503779,-0.00241392259430571639,-4.81797674212436888,5.00029275891706071,-5.00091408392384196,-5.00065637306995114,4.99991771110885352,-0.00000309574006627692232,0.0000611228778393113756,-0.0000322376441901903841,0.0000131521360252765092,0.000026748404924514731,-0.00000962253780186822487,0.0000598863714056883923,-0.0000319282540563353869,0.0000275307675630488417,-0.0000213929090255865557,-5.00063279766880519,-5.00154709255989171,5.00055064035444196,4.99935526994195722,4.99961300082820248,5.00076156385513926,5.00005834824183814,4.99954267101613503,-3.86342903970321716,5.00008178710937478,-0.00300312214348773775
4/23/2014 2:53:34.575 PM,77.9999999999999999,3316.90495053139238,3320.88108915470684,3321.24710590635777,3319.31647716296765,3318.29890102704257,3319.86958579234851,3319.96181590127889,3319.96189675154437,3320.69691499784949,3317.18420314315972,3318.76212198172834,3318.0208894649636,3319.31647723057813,3318.57688785517393,3318.85449652723718,3318.76193191525135,3317.46354490426892,3321.06403528374539,3320.23791898100671,3319.13180154700421,3320.23780374323769,3319.03941402841655,3320.42139302288433,3320.32972149650913,3321.24710590635777,3320.14584688343256,3320.69730280693511,3319.86975914787535,3319.96167446188201,3319.40875046491828,3318.5769340143388,3319.6854185334796,3320.24015378815556,3320.42400574260227,3320.33205036549225,3320.88301021973075,3321.24983762621241,3320.24025473062147,3320.4240575748372,3321.24952807548925,3318.76452001597726,3320.51582405293265,3321.79821113412572,3320.79097241473846,3320.51596793711269,3319.68779164934721,17.7140724760652119,17.7078707349146036,17.3916884922252102,17.8172115305750296,18.7384237121861936,17.577320939399069,17.4170339871535233,17.6810134948675106,16.0771761527514059,16.1544485465671741,16.068501160908621,16.3831902350764729,16.335945831560192,16.3328990142346697,16.3373870807951533,16.6245932748677703,17.3464900126797339,17.2907027003562916,17.073715976249467,17.1377185698303762,17.1874657877091934,17.1153702087400958,17.1003524922589136,17.205703705151727,3321.27608558357724,3321.73302844228555,3320.63452215841289,3322.28063292385786,3320.35889424187098,3320.45077774459832,5.00043335976624448,4.99987082841716201,0.600075936381888386,-5.00016405096516614,4.99982397048368288,4.99982397873487372,-0.00249233746689375528,-0.00233851904190821459,-0.00247655651827429412,-0.00242256413536889349,-0.00287994384765624971,-0.00223083069354498495,-0.00276911132614163658,-0.00269291201117318477,-0.00268290107239129577,-0.00263687057139285787,-0.00251036278539169605,-0.00270777095655163258,-0.00266476724494898185,-0.00277707719697798316,-0.00238819863192920234,-0.00258972066395293452,-0.00306405821503074466,-0.00292852001109557064,-0.00238913999749976571,-0.0022940092282928053,-0.00294355043477581525,-0.00264184305400401529,-0.00244334429790292853,-0.00241499080968528334,-4.8198842588974502,5.00029275891706071,-5.00091408392384196,-5.00065637306995114,4.99991771110885352,0.00000780346312564479778,0.0000267756802435480817,-0.0000205179172918815892,0.0000137761035040304942,0.0000223773315647172774,-0.00000768064011293698661,0.0000737404648187216754,-0.0000305147159392878376,0.0000254234629402481277,-0.0000210252756060795397,-5.00063279766880519,-5.00154709255989171,5.00055064035444196,4.99935526994195722,4.99961300082820248,5.00076156385513926,5.00005834824183814,4.99954267101613503,-3.86498566839640345,5.00008178710937478,-0.00305286696172566525
4/23/2014 2:53:35.575 PM,78.9999999999999999,3316.9055400623688,3320.8816681239823,3321.24768388521306,3319.31706033096816,3318.29948689580487,3319.87016748248652,3319.96239734430446,3319.96247819435302,3320.69749446430523,3317.18479194390874,3318.76270662394335,3318.02147606755806,3319.31706039857863,3318.57747298844196,3318.85508092428017,3318.76251655797023,3317.46413297284561,3321.06461375837125,3320.23849968309787,3319.13238520689128,3320.23838444563853,3319.03999793408911,3320.42197323164191,3320.33030195185483,3321.24768388521306,3320.1464278327985,3320.69788227234494,3319.87034083754952,3319.96225590528683,3319.40933338685727,3318.5775191474845,3319.68600071647415,3320.24045418951163,3320.42430588822071,3320.33235063907068,3320.88330972510402,3321.25013661808543,3320.24055513183748,3320.42435772038379,3321.2498270677961,3318.76482245541683,3320.51612407068023,3321.79850935530976,3320.79127204869428,3320.51626795465972,3319.68809281661424,17.7145552512503066,17.7039397115019881,17.3828104124067764,17.8101629290029706,18.8161614515684583,17.5702717294381614,17.4084631549654816,17.6689491550396269,16.0783447623872639,16.1498290763447798,16.0740879649110297,16.3837496930804178,16.3326968310368379,16.3397045857562091,16.3416796977632686,16.6302541824742782,17.3517666469476914,17.2959791688718738,17.0880549217369939,17.1458881363620215,17.1945705964356676,17.1253684102693882,17.1168949476974887,17.2036740388683746,3321.27629369898022,3321.73323611070054,3320.63473089842318,3322.28084005424989,3320.35910324916358,3320.45098666286003,5.00043335976624448,4.99987082841716201,0.600242401967485906,-5.00016405096516614,4.99982397048368288,4.99982397873487372,-0.0024931004242286928,-0.00234187613286560318,-0.00248464405558073039,-0.00241020364713143923,-0.00288406372070312486,-0.00221023277660164488,-0.0027739934520926747,-0.00268284003008165042,-0.0026825958608430677,-0.00263610764982070761,-0.00250517406744698527,-0.00270655016758990881,-0.00266476724494898185,-0.00276960003984561779,-0.00239475852749810583,-0.00258361671914431523,-0.00304971394473048906,-0.00293050397916845736,-0.00240684185236115893,-0.00229507754383634442,-0.00293744677609631463,-0.00264840387199337564,-0.00244960098798324873,-0.00241148095915242082,-4.82334746191132968,5.00029275891706071,-5.00091408392384196,-5.00065637306995114,4.99991771110885352,0.0000115418592904930188,0.00001331995123961132,-0.0000217802530752758793,0.00000813598670952321446,0.0000205886102037945741,-0.0000100405110671998501,0.0000322728038560712651,-0.0000337890563940038174,0.0000247947811845682623,-0.0000223844514433440596,-5.00063279766880519,-5.00154709255989171,5.00055064035444196,4.99935526994195722,4.99961300082820248,5.00076156385513926,5.00005834824183814,4.99954267101613503,-3.86604717259347241,5.00008178710937478,-0.00296695796581169851
4/23/2014 2:53:36.575 PM,79.9999999999999999,3316.90566591897595,3320.8817917259962,3321.24780727580355,3319.31718482927908,3318.29961197064403,3319.87029166531965,3319.9625214743869,3319.96260232438953,3320.69761817245171,3317.18491764463533,3318.76283143695309,3318.02160129904768,3319.3171848968891,3318.57759790627596,3318.85520568495303,3318.76264137108773,3317.46425851727644,3321.06473725479327,3320.23862365501372,3319.13250981020428,3320.23850841762077,3319.04012258986995,3320.42209709824646,3320.33042587109821,3321.24780727580355,3320.14655185749961,3320.69800598026813,3319.87046502028351,3319.96238003544976,3319.40945783264123,3318.57764406529213,3319.68612500451718,3320.24100274939928,3320.42485398111239,3320.33289896562746,3320.88385664886254,3321.25068260415628,3320.24110369146865,3320.42490581314405,3321.25037305465957,3318.76537473699045,3320.51667193007142,3321.7990539340476,3320.79181920725432,3320.51681581368484,3319.6886427751092,17.709391569902742,17.7008279165624671,17.3750560807987959,17.8125297821495394,18.4637499155984095,17.5718016954678262,17.3940166009676424,17.6635586268269051,16.0917532142405903,16.1576820612065823,16.0822461606598281,16.3687589892595362,16.3320957137044367,16.3444352866490625,16.3502204542812741,16.6296536378958528,17.3580724405696429,17.3073084104695987,17.1031947685605345,17.1563049017849884,17.1991271232792506,17.1319808493512795,17.1275398983931453,17.2229935365705948,3321.27628069276625,3321.73322313243579,3320.63471785315323,3322.28082710962735,3320.35909018718075,3320.45097360644422,5.00043335976624448,4.99987082841716201,0.600788030688014674,-5.00016405096516614,4.99982397048368288,4.99982397873487372,-0.00248089310686969242,-0.00234767474451927447,-0.00247869284888354137,-0.00241493420435811906,-0.00287307739257812488,-0.00220931731362638542,-0.00276712796247402743,-0.00267856706840645387,-0.00267389733171856077,-0.00262954652430021172,-0.00250090100561016406,-0.00270593977310904692,-0.00265500116216385151,-0.00276502218854008785,-0.00238819863192920234,-0.00258270112742302197,-0.00304360999992186977,-0.00291295349236984219,-0.00237067513165296765,-0.00230194528661624084,-0.0029325638491527143,-0.00262795853221257881,-0.00243311995069850308,-0.00239973058997718569,-4.82734856114897059,5.00029275891706071,-5.00091408392384196,-5.00065637306995114,4.99991771110885352,0.0000212534462242473561,0.0000129232970966381284,-0.0000176635425458751494,0.00000642732270902330735,0.000016963854886225107,-0.00000816573317270142806,0.0000689438779496796384,-0.0000317099646926876551,0.0000247718922856964244,-0.0000214386725217907459,-5.00063279766880519,-5.00154709255989171,5.00055064035444196,4.99935526994195722,4.99961300082820248,5.00076156385513926,5.00005834824183814,4.99954267101613503,-3.8669181034482758,5.00008178710937478,-0.0029896940943928375
4/23/2014 2:53:37.575 PM,80.9999999999999999,3316.90620908028313,3320.88232515611298,3321.24833979338109,3319.31772212795749,3318.30015175771222,3319.87082760234625,3319.96305718373241,3319.96313803353496,3320.69815206065368,3317.18546013313562,3318.76337009392227,3318.02214176224379,3319.31772219556751,3318.57813701568466,3318.85574411602874,3318.76318002852167,3317.46480033117859,3321.06527022915725,3320.23915868168751,3319.13304756209026,3320.23904344457969,3319.0406605682142,3320.42263167037981,3320.33096067042924,3321.24833979338109,3320.1470871120041,3320.69853986750604,3319.87100095688265,3319.96291574514452,3319.40999490460672,3318.5781831745885,3319.68666139564493,3320.24172763106435,3320.42557824567211,3320.33362353896063,3320.88457936848362,3321.25140408468087,3320.24182857279538,3320.42563007752915,3321.25109453623144,3318.76610453663579,3320.5173958860737,3321.79977355486789,3320.79254223715088,3320.51753976920326,3319.68936950494935,17.7070395529206088,17.6992352833195099,17.3770405311500084,17.8085033915461324,18.902776910945569,17.5626770525924947,17.3969893830371234,17.6559600676408799,16.106910198767455,16.1939401484635894,16.0843846685690117,16.3754647647099922,16.3396421723277179,16.3477922938732085,16.3671385947107666,16.639633761511444,17.3604224793586823,17.3178783206144864,17.107448886471925,17.166495102486401,17.2055886931661561,17.1358539319013765,17.1347614597401261,17.2222994444373327,3321.27671643435405,3321.73365793814218,3320.63515490251256,3322.2812607888477,3320.35952779616309,3320.45141102901789,5.00043335976624448,4.99987082841716201,0.601043908586316289,-5.00016405096516614,4.99982397048368288,4.99982397873487372,-0.002483181978874505,-0.00234736955443223903,-0.0024736572124474587,-0.00241508680297833475,-0.0028773498535156249,-0.00221221627971470748,-0.00277857044517177288,-0.00269718497284838089,-0.00268442713013243746,-0.00263275079490324446,-0.00250868408252723088,-0.00270075142002172046,-0.00266522503007953502,-0.00278028169289185447,-0.00238835118764010737,-0.00259445122117961434,-0.00305383410747630743,-0.00292623081716531647,-0.00237845784370409753,-0.00231278105855785461,-0.00294339784330882766,-0.00263436677303939592,-0.0024395292429759039,-0.00244841069084601694,-4.82927866834234631,5.00029275891706071,-5.00091408392384196,-5.00065637306995114,4.99991771110885352,-0.0000143170345570075329,0.00000826261091670311665,-0.0000159631289271312081,0.0000059406585874523524,0.0000153826984613821723,-0.00000956762160642319325,0.0000400056405297702768,-0.0000333478981695688886,0.0000255760555993937249,-0.0000216156247071136237,-5.00063279766880519,-5.00154709255989171,5.00055064035444196,4.99935526994195722,4.99961300082820248,5.00076156385513926,5.00005834824183814,4.99954267101613503,-3.8681602632396137,5.00008178710937478,-0.00297824973436877421
4/23/2014 2:53:38.575 PM,81.9999999999999999,3316.90654027893242,3320.88265042135481,3321.24866450221998,3319.3180497519811,3318.30048089898355,3319.87115439612898,3319.96338383869033,3319.96346468837146,3320.69847760520406,3317.18579092155414,3318.76369854613767,3318.02247131577132,3319.31804981959112,3318.57846574376662,3318.85607243051026,3318.76350848102038,3317.46513070827359,3321.06559521651252,3320.23948492039971,3319.13337546244838,3320.23936968346606,3319.04098860665135,3320.42295763194442,3320.33128677052309,3321.24866450221998,3320.14741348963161,3320.69886541146888,3319.8713277504039,3319.96324240031617,3319.41032239039668,3318.5785119026018,3319.68698846630695,3320.24193660280661,3320.42578703949584,3320.33383242180707,3320.88478771688323,3321.25161207583414,3320.24203754443988,3320.4258388713024,3321.25130252768713,3318.76631492628939,3320.51760459093657,3321.79998100984676,3320.79275067500702,3320.51774847392653,3319.68957900954228,17.6959596034267719,17.6866278265689019,17.3721184795407026,17.8094412435538842,19.0892280979494835,17.5616368145927026,17.3888737551927299,17.6535517591576081,16.0968091665516546,16.1939651583018076,16.1025374779121684,16.3503639239496365,16.3338020449443633,16.3468270142670136,16.369068163468814,16.6384404177896492,17.363442435782666,17.3342173201570766,17.1218138964429372,17.1654811365406274,17.232360707196797,17.1404736181418507,17.1424247406756898,17.2352129962767897,3321.27758141605409,3321.73452106207378,3320.63602248019742,3322.28212167665378,3320.36039648472524,3320.4522793475503,5.00043335976624448,4.99987082841716201,0.600510486324859816,-5.00016405096516614,4.99982397048368288,4.99982397873487372,-0.00248623380821425509,-0.00234126575269153273,-0.00248098177453630634,-0.00241234002781445583,-0.00288299560546874997,-0.00222716884164394667,-0.00277017929119342593,-0.00269031771301324373,-0.00268335888971363854,-0.00262786809684148037,-0.00250700537966276529,-0.00270777095655163258,-0.00266217312920918143,-0.00277722979202150088,-0.00238575774055472699,-0.00258727908602948654,-0.00304360999992186977,-0.00290974862086748609,-0.00235312587898865548,-0.00229446707781146486,-0.00294034601396907756,-0.002634061618714309,-0.00243907143638466117,-0.00239210048012313686,-4.82950197769971368,5.00029275891706071,-5.00091408392384196,-5.00065637306995114,4.99991771110885352,-0.0000249536799129333816,0.00000668819908767105969,-0.0000197379250484541619,0.00000523888587296131923,0.00000890545148548119497,-0.0000120251213525883354,0.00000964811396311923847,-0.0000356773357145090189,0.0000264107374449201481,-0.0000225858108266425066,-5.00063279766880519,-5.00154709255989171,5.00055064035444196,4.99935526994195722,4.99961300082820248,5.00076156385513926,5.00005834824183814,4.99954267101613503,-3.86925976004054517,5.00008178710937478,-0.00301532946084673856
4/23/2014 2:53:39.575 PM,82.9999999999999999,3316.90704369637387,3320.88314481961197,3321.24915805470618,3319.31854773574696,3318.30098118907017,3319.87165111787135,3319.96388034941082,3319.96396119890687,3320.69897242802926,3317.18629371541646,3318.76419778881199,3318.02297223251571,3319.31854780335697,3318.57896540577667,3318.85657146381891,3318.76400772412489,3317.46563287689559,3321.06608919236259,3320.23998079839793,3319.13387386626209,3320.23986556172803,3319.0414872203537,3320.42345308865969,3320.3317824378123,3321.24915805470618,3320.14790957878995,3320.69936023340051,3319.87182447175018,3319.96373891135999,3319.41082016403743,3318.57901156450725,3319.68748560892572,3320.24225659583953,3320.42610676011327,3320.33415227872956,3320.88510675550378,3321.25193056746775,3320.24235753732318,3320.42615859184343,3321.25162101978321,3318.7666370903139,3320.51792417534443,3321.80029868053316,3320.7930698505952,3320.51806805812111,3319.68989981843242,17.6894615383080698,17.6846160403583319,17.3627242416350533,17.7964757163971221,18.5582562812257485,17.5609189907414098,17.3766674945299009,17.6446977836515373,16.0982987511221331,16.1879153583130559,16.1013616094581131,16.3515495314934007,16.3306457235112852,16.3423760132800986,16.3691871047272634,16.6439659856544004,17.3609060695002242,17.3313765649206779,17.120647161845266,17.1786243241197241,17.2373602301609452,17.1543045671200929,17.1525992453314586,17.2478213505649727,3321.27773099849491,3321.7346703232356,3320.63617251158348,3322.28227055110392,3320.36054670822432,3320.45242950705733,5.00043335976624448,4.99987082841716201,0.599831044296751714,-5.00016405096516614,4.99982397048368288,4.99982397873487372,-0.00248409752767643011,-0.00234935328999796899,-0.00247319942731690553,-0.00241951216296458363,-0.00288818359375000002,-0.00221069050808927504,-0.0027799435430955026,-0.0026907755303355865,-0.00268274846661718195,-0.00262786809684148037,-0.00250975234798643575,-0.00272135223375081104,-0.00266049458373048735,-0.00277417789115114773,-0.00237690950932225231,-0.00259689279910306232,-0.00306314262330945183,-0.00291585313801483084,-0.00236716528112010513,-0.00229675632540476352,-0.00294217711157292736,-0.00263360388722667926,-0.00244029225396130917,-0.00240232482732756231,-4.82907550719767364,5.00029275891706071,-5.00091408392384196,-5.00065637306995114,4.99991771110885352,-0.0000290721743403570199,0.00000614661362322689273,-0.0000205087588702366502,0.00000480256631569080733,0.0000109307358250242201,-0.0000118374910181511454,0.0000296829826926082202,-0.0000340241372471629126,0.0000267632264875464818,-0.0000219435964299103393,-5.00063279766880519,-5.00154709255989171,5.00055064035444196,4.99935526994195722,4.99961300082820248,5.00076156385513926,5.00005834824183814,4.99954267101613503,-3.87016029155859886,5.00008178710937478,-0.00297077275248638657
4/23/2014 2:53:40.575 PM,83.9999999999999999,3316.90742125921269,3320.88351561804074,3321.24952821880469,3319.31892122331646,3318.30135640638582,3319.87202365892017,3319.96425273219256,3319.96433358154945,3320.69934354488486,3317.18667081056946,3318.76457222056524,3318.02334791982593,3319.31892129092602,3318.57934015203272,3318.85694573854789,3318.76438215620146,3317.46600950311767,3321.06645967398571,3320.2403527066358,3319.13424766886782,3320.24023747016463,3319.0418611803766,3320.42382468093455,3320.33215418801864,3321.24952821880469,3320.14828164539949,3320.69973134958627,3319.8721970125016,3319.96411129438456,3319.41119349401242,3318.57938631068509,3319.68785846563241,3320.24232843297841,3320.42617853610681,3320.33422408531805,3320.88517837841891,3321.25200206760837,3320.24242937442886,3320.42623036781969,3321.25169252002706,3318.7667094147464,3320.51799592076531,3321.80036999640651,3320.79314150425352,3320.51813980349425,3319.68997183869623,17.6742334611197833,17.6756973724191333,17.3656012457885254,17.7864188262241782,18.8022427092694393,17.5472084137344915,17.3688159306587977,17.6369259072055691,16.1090948542138115,16.2102146424732005,16.1011178567122854,16.3676756424593996,16.3368764721424711,16.3401517114106767,16.3835703237009582,16.6552197317535722,17.3639701266139177,17.3333751216447247,17.1247017865173916,17.1787962400844805,17.2405771061990371,17.1621655361795327,17.1612959821863242,17.2586478051473513,3321.27829030920202,3321.73522843266891,3320.63673350091085,3322.28282721460982,3320.36110841586924,3320.45299097543284,5.00043335976624448,4.99987082841716201,0.599458289552833534,-5.00016405096516614,4.99982397048368288,4.99982397873487372,-0.00247936719219981738,-0.00234553841391002722,-0.00246999493140303466,-0.00241508680297833475,-0.00287078857421874979,-0.00220657092470060703,-0.00277201008842506555,-0.00267124199124897481,-0.00267893332226432817,-0.00263229304195995413,-0.00250807364512197059,-0.0027028878007047375,-0.00265362780677219244,-0.00275083084949294485,-0.00238652051910925043,-0.00258407451500496143,-0.00307351932948410475,-0.00292790955938083616,-0.00239615969856549075,-0.00229553539335500441,-0.00293164830035078962,-0.00263390904155176575,-0.0024306783155452075,-0.00240125661194799537,-4.82900910967856589,5.00029275891706071,-5.00091408392384196,-5.00065637306995114,4.99991771110885352,-0.0000274403468596617389,0.00000592997943744922629,-0.000016642378532464289,0.00000393145279400737347,0.0000114969607609477038,-0.0000117627439743509636,0.0000288024129746835467,-0.0000343187515631350286,0.0000254616111050345287,-0.0000223661460448623835,-5.00063279766880519,-5.00154709255989171,5.00055064035444196,4.99935526994195722,4.99961300082820248,5.00076156385513926,5.00005834824183814,4.99954267101613503,-3.87064198894973677,5.00008178710937478,-0.0029997651312140129
4/23/2014 2:53:41.575 PM,84.9999999999999999,3316.90757361095893,3320.88366524045386,3321.24967758527554,3319.3190719307554,3318.30150781175007,3319.87217398445318,3319.96440299386677,3319.96448384316818,3320.69949329577821,3317.18682297361238,3318.76472330896786,3318.02349951482574,3319.31907199836496,3318.57949136733214,3318.85709676359374,3318.76453324473459,3317.4661614769534,3321.06660916857208,3320.24050277683954,3319.1343985034191,3320.24038754044841,3319.04201207844335,3320.4239746236517,3320.33230419445863,3321.24967758527554,3320.14843177950342,3320.69988110020949,3319.87234733791456,3319.96426155615699,3319.41134413786494,3318.57953752595312,3319.68800891852834,3320.24315126785268,3320.42700067046553,3320.33504657018465,3320.88599875901991,3321.25282104163261,3320.24325220891887,3320.42705250198059,3321.25251149524001,3318.76753783233107,3320.51881770486079,3321.80118685936304,3320.79396223706862,3320.51896158704039,3319.69079677155059,17.5113883301787432,17.6754052987847352,17.3564046863081032,17.7832362114015119,18.5537066624022664,17.5396122716032039,17.3643398888042064,17.6256840449895335,16.1111634223279054,16.2101510206979498,16.1060053062304398,16.3724848651970056,16.3400119129989001,16.3453439302641215,16.383811152241865,16.6526432993137483,17.3761857886367608,17.3468844846499941,17.1417942352249355,17.1786825378710439,17.253632724332995,17.1571793762349607,17.1637700251290219,17.2497063140134124,3321.28003327229225,3321.73696765218983,3320.63848169514449,3322.28456192813746,3320.3628588486199,3320.45474066254018,5.00043335976624448,4.99987082841716201,0.599497045060387812,-5.00016405096516614,4.99982397048368288,4.99982397873487372,-0.00248470789354438004,-0.00234309689321374453,-0.00247533575792615278,-0.00241234002781445583,-0.00288635253906249995,-0.00221801421189135118,-0.00277109468980924574,-0.00268253481853342191,-0.00269480432277219989,-0.0026464833832019561,-0.00250959973863512089,-0.0027160112820432689,-0.00266675098051471138,-0.00277021042001968825,-0.00239704686316167702,-0.00259490901704026097,-0.00306421081365096035,-0.0029358454316723839,-0.00236441844157264745,-0.00230133482059136129,-0.00294965409345531544,-0.00263543481317719862,-0.00243998704956714706,-0.00240491906467793851,-4.82914404164843169,5.00029275891706071,-5.00091408392384196,-5.00065637306995114,4.99991771110885352,-0.0000249536799129333816,0.0000054219570158720225,-0.0000152762473037606717,0.00000329833175810785445,0.00000761732791157440273,-0.0000140265115865850226,-0.00000278516418581028276,-0.0000363902107692187511,0.0000237586770289696488,-0.0000230205640405823372,-5.00063279766880519,-5.00154709255989171,5.00055064035444196,4.99935526994195722,4.99961300082820248,5.00076156385513926,5.00005834824183814,4.99954267101613503,-3.87180831611408838,5.00008178710937478,-0.00298069119784057438
4/23/2014 2:53:42.575 PM,85.9999999999999999,3316.90805715977921,3320.88414012639077,3321.25015165885361,3319.31955026055675,3318.30198835676128,3319.87265110208727,3319.96487990881496,3319.96496075793857,3320.69996858951117,3317.18730592348765,3318.76520284794469,3318.02398066173827,3319.31955032816631,3318.5799713090787,3318.85757610147584,3318.76501278412479,3317.46664382628932,3321.06708364878977,3320.24097908406111,3319.13487723667412,3320.24086384792372,3319.0424910132956,3320.4244505262327,3320.33278029929533,3321.25015165885361,3320.14890828954367,3320.70035639308434,3319.87282445516802,3319.96473847141578,3319.41182226584214,3318.58001746759919,3319.68848644041145,3320.2435953391996,3320.42744436376415,3320.33549045264271,3320.88644150586651,3321.25326302938992,3320.24369628005843,3320.4274961951728,3321.25295348363943,3318.76798491650561,3320.51926120913276,3321.80162770783772,3320.79440517399462,3320.51940509101632,3319.691241975117,17.5439423232610032,17.6743356033626391,17.3519863587105121,17.7788958325617159,18.4538292038915372,17.5333691215617442,17.3573361218592161,17.6239312217029642,16.0960084572393498,16.1946105000891549,16.1058487218714781,16.3749936001435579,16.3419119077622703,16.3500623492318624,16.3838068500711067,16.6568271025634829,17.383713021704704,17.3487036186206822,17.1427761484380667,17.1808822411441291,17.2593344242843933,17.1678299293471852,17.1610988027689508,17.2405663341286761,3321.28127546156611,3321.73820717350872,3320.63972761253171,3322.28579823814016,3320.36410636134587,3320.45598764386386,5.00043335976624448,4.99987082841716201,0.599655729028326867,-5.00016405096516614,4.99982397048368288,4.99982397873487372,-0.00247402649085525428,-0.00233073669468881377,-0.00247930322905761226,-0.00241615499331984326,-0.00288299560546874997,-0.00221313174268996694,-0.00276911132614163658,-0.00268543432824159102,-0.00267343951439621844,-0.00261581393600150008,-0.00251433062852588667,-0.00270273520208452181,-0.00265957901346938145,-0.0027831809987186899,-0.00237629928647863347,-0.00258132773984108294,-0.00304605157784531774,-0.00290929078208143534,-0.00235602532073319378,-0.00229217783021816619,-0.00293012238568091457,-0.00264336882562944816,-0.00243022050895396434,-0.0024058346778604244,-4.82954746381625188,5.00029275891706071,-5.00091408392384196,-5.00065637306995114,4.99991771110885352,-0.0000241675329039922465,0.00000490478103714928254,-0.0000173674202460220753,0.00000322662889380116214,0.0000020664920842059168,-0.0000165984200732606469,-0.0000285658647835599322,-0.0000389241991863882242,0.000024930588651207846,-0.0000235926077431347451,-5.00063279766880519,-5.00154709255989171,5.00055064035444196,4.99935526994195722,4.99961300082820248,5.00076156385513926,5.00005834824183814,4.99954267101613503,-3.87310601529420495,5.00008178710937478,-0.00300068068001593802
4/23/2014 2:53:43.575 PM,86.9999999999999999,3316.9081697648653,3320.88425071389747,3321.25026205716267,3319.31966165013682,3318.30210026226222,3319.87276220935427,3319.96499096887691,3319.96507181795914,3320.70007927199276,3317.18741838907999,3318.7653145191407,3318.02409270742191,3319.31966171774638,3318.58008307407999,3318.85768772583742,3318.7651244554172,3317.46675615201638,3321.06719414180452,3320.24109000258386,3319.13498872021818,3320.24097476650558,3319.04260254379187,3320.42456135051497,3320.33289117068261,3321.25026205716267,3320.14901925530239,3320.7004670753663,3319.87293556234635,3319.96484953155004,3319.41193360841771,3318.58012923257683,3319.68859764182798,3320.24394798305593,3320.42779670740083,3320.33584294649654,3320.88679309789677,3321.25361401860436,3320.24404892374968,3320.42784853872444,3321.25330447336318,3318.76833995293964,3320.51961340265779,3321.80197779231366,3320.7947569169728,3320.51975728430534,3319.69159551810253,17.591859532557649,17.6736452455851491,17.3399560509268156,17.7748585991050909,18.4901999290117658,17.5319941564604846,17.3447009120947264,17.6190589224047862,16.1038451932421118,16.2059529751368352,16.1043200678209963,16.3599886061905266,16.34388687296833,16.3457150283427381,16.3872296095248409,16.6619229610460202,17.3764679569876215,17.3372727524981087,17.1359093700976466,17.1884791143094802,17.2563508505217911,17.1698706640423566,17.1623780033584055,17.2468685558988177,3321.28206239462679,3321.73899241635308,3320.640516907446,3322.28658144653445,3320.36489666694751,3320.45677761280876,5.00043335976624448,4.99987082841716201,0.600084175741762094,-5.00016405096516614,4.99982397048368288,4.99982397873487372,-0.00248898045462003,-0.00234523322382299178,-0.00247487797279560004,-0.00242180114226781592,-0.0028848266601562496,-0.0022232018354178219,-0.00276758566178193733,-0.00267749882798765495,-0.00268900530335586209,-0.00262100180269212455,-0.00250639494225750542,-0.0027138749013602523,-0.00266308869947028777,-0.00276654813897526464,-0.00238545262913291735,-0.00258499010672625425,-0.00307687649912884512,-0.00290455978129224328,-0.00237433758438291122,-0.00232773747616740658,-0.00293912528223317727,-0.00264535232874251033,-0.00243922403858174222,-0.00240812371081663935,-4.8303773564861121,5.00029275891706071,-5.00091408392384196,-5.00065637306995114,4.99991771110885352,-0.0000234577108473754956,0.00000480866868712116281,-0.0000131713367290318596,0.00000326019193666812446,0.000000444127914700087709,-0.0000196447434705863989,-0.0000641656044889826527,-0.0000415100885711382784,0.0000253608999499984319,-0.0000248495784388765656,-5.00063279766880519,-5.00154709255989171,5.00055064035444196,4.99935526994195722,4.99961300082820248,5.00076156385513926,5.00005834824183814,4.99954267101613503,-3.87385793317305449,5.00008178710937478,-0.0029956451616053501
4/23/2014 2:53:44.575 PM,87.9999999999999999,3316.9085009616906,3320.88457597715114,3321.25058676399794,3319.3199892722373,3318.30242940165271,3319.87308900119114,3319.96531762188533,3319.96539847084568,3320.70040481456317,3317.18774917566315,3318.76564296945616,3318.02442225907998,3319.31998933984687,3318.5804118002693,3318.85801603841491,3318.76545290601598,3317.4670865272642,3321.0675191271639,3320.24141623933474,3319.13531661866136,3320.24130100343063,3319.04293058031726,3320.42488731011099,3320.33321726881195,3321.25058676399794,3320.14934563097267,3320.70079261734872,3319.8732623539222,3319.96517618477173,3319.41226109228046,3318.58045795869748,3319.68892471055187,3320.24452265974514,3320.42837089483373,3320.33641737873267,3320.8873660604645,3321.25418599878594,3320.24462360017059,3320.4284227260191,3321.25387645437467,3318.76891852872495,3320.52018734545845,3321.80254829807563,3320.79533012553474,3320.5203312267231,3319.69217166007047,17.6720619917551147,17.6769478311598078,17.3418891363370555,17.7794534690367598,18.94950415937139,17.5186332694474487,17.3413838571013059,17.6174926945623404,16.1118700572743378,16.1941786920181485,16.0720554920299001,16.359639020186691,16.3418606486057385,16.3428510986018942,16.3897737593886212,16.6460397531581599,17.3526194558028059,17.3335930132653573,17.1370248192525913,17.1720114127478176,17.2342462731500276,17.1760105815436077,17.1567191640399734,17.2475267645207815,3321.28176323053094,3321.73869389482615,3320.64021684544604,3322.28628369844273,3320.36459622071515,3320.45647729456277,5.00043335976624448,4.99987082841716201,0.601044671490008286,-5.00016405096516614,4.99982397048368288,4.99982397873487372,-0.00247936719219981738,-0.00234126575269153273,-0.00246907936114192875,-0.00240944065403036166,-0.00287673950195312502,-0.00221313174268996694,-0.00276834849396178674,-0.00266727424112200677,-0.00267710205297495797,-0.00262634225369717898,-0.00250517406744698527,-0.00269739425037698009,-0.0026551537572073688,-0.00275510351071143978,-0.00238301173775844156,-0.00258437971224539237,-0.00305352891023587649,-0.00292577297837926529,-0.00233969688564552962,-0.00229858772347940263,-0.00292295058673250167,-0.00263863893359060717,-0.0024315939287276934,-0.00241743244483857891,-4.83139010944997515,5.00029275891706071,-5.00091408392384196,-5.00065637306995114,4.99991771110885352,-0.0000244819917075687005,0.0000045264340084671608,-0.0000189869344735690455,0.00000306644164375429592,-0.00000334087974322508287,-0.0000206012005412540213,-0.0000498582542194092864,-0.0000424412529894957356,0.0000301874057587737053,-0.0000250265306241994434,-5.00063279766880519,-5.00154709255989171,5.00055064035444196,4.99935526994195722,4.99961300082820248,5.00076156385513926,5.00005834824183814,4.99954267101613503,-3.87461702234660876,5.00008178710937478,-0.00298206452104346183
4/23/2014 2:53:45.575 PM,88.9999999999999999,3316.90927595914763,3320.88533708977138,3321.25134657457192,3319.32075590467002,3318.30319958461586,3319.87385369076673,3319.96608198659669,3319.96616283527191,3320.70116658079632,3317.18852321313352,3318.76641153995069,3318.02519340676872,3319.32075597227913,3318.5811810163218,3318.85878428659589,3318.76622147717307,3317.46785960219176,3321.06827958949816,3320.24217962998363,3319.13608389774799,3320.24206439448653,3319.04369818252325,3320.42565005220376,3320.3339803350791,3321.25134657457192,3320.15010934669862,3320.70155438220672,3319.87402704288706,3319.96594054998149,3319.41302740123046,3318.58122717458945,3319.68969004805649,3320.24487530428314,3320.42872323915526,3320.33676987326998,3320.88771765318779,3321.25453698869978,3320.24497624454397,3320.42877507025605,3321.25422744479828,3318.76927356581518,3320.52053953966969,3321.80289838326052,3320.79568186920414,3320.52068342069878,3319.69252520372856,17.6715244693491087,17.6739743828552562,17.3359472644992962,17.7729816622095562,18.121467744583871,17.5168777925629051,17.3315637099760522,17.6085139208010979,16.09191724489121,16.1659179373037354,16.0885023900897472,16.3530856274558722,16.3284491814011972,16.3435309788482854,16.380093117885405,16.6633947972746164,17.346330205650645,17.3321747899567775,17.1123848676579584,17.1709740878865382,17.2285661623171329,17.1704048052697828,17.15042935279115,17.2439016667430209,3321.28179574800879,3321.73872634245481,3320.64024946052814,3322.28631606199678,3320.36462887756442,3320.45650993749996,5.00043335976624448,4.99987082841716201,0.602327722919238195,-5.00016405096516614,4.99982397048368288,4.99982397873487372,-0.00247524722259115457,-0.00232722700868790745,-0.00246618005531509289,-0.00241813877538264417,-0.00287078857421874979,-0.0022085544278136692,-0.00277262035416894542,-0.00268299263585576467,-0.00268320628393952428,-0.00262618966938274901,-0.00250746320771671029,-0.00270853394965271015,-0.00266095236886104009,-0.00278562251941497259,-0.00238057084638396577,-0.00258071734536022062,-0.00305932765780406483,-0.00290623852350776297,-0.00233572922852142394,-0.00230164005360380085,-0.00292142467206262663,-0.00263909666507823691,-0.0024407500605525519,-0.00240324044051004777,-4.83164867817955912,5.00029275891706071,-5.00091408392384196,-5.00065637306995114,4.99991771110885352,-0.0000231966795104261099,0.00000466678855136536726,-0.0000328497320367939042,0.00000366142285821408453,0.00000781726178382770839,-0.000017024020587959636,0.0000213702214213158328,-0.0000362925148302435381,0.0000359844008797149823,-0.0000233165013160361162,-5.00063279766880519,-5.00154709255989171,5.00055064035444196,4.99935526994195722,4.99961300082820248,5.00076156385513926,5.00005834824183814,4.99954267101613503,-3.87505569196951738,5.00008178710937478,-0.00297962305757166167
4/23/2014 2:53:46.575 PM,89.9999999999999999,3316.90971975923821,3320.88577293854723,3321.25178167771628,3319.32119491443154,3318.30364062762964,3319.87429158792792,3319.96651969772074,3319.96660054623316,3320.70160280387153,3317.18896646347684,3318.76685165956587,3318.02563500224414,3319.32119498204019,3318.58162150562338,3318.85922422163457,3318.76666159716796,3317.46830230132354,3321.06871506588049,3320.24261678329958,3319.13652327782301,3320.2425015480353,3319.04413774763679,3320.42608683411663,3320.33441730263439,3321.25178167771628,3320.15054668617403,3320.70199060449431,3319.87446493969901,3319.96637826139067,3319.41346622574565,3318.58166766379872,3319.69012831626196,3320.24509733706872,3320.42894508290328,3320.33699181160409,3320.8879390236766,3321.25475797961735,3320.24519827722588,3320.42899691395086,3321.25444843603645,3318.76949710512099,3320.52076128889803,3321.80311880449653,3320.79590333473925,3320.52090516977887,3319.69274780266368,17.6740704396442929,17.6709663136533628,17.3432893609383321,17.7759845157623246,18.705778366446264,17.5090006324687017,17.3258933234226831,17.6030745746954658,16.0993384397520742,16.180500784791402,16.0776464432051362,16.3509136893161049,16.3310750199563337,16.3483655289927796,16.3732728031891277,16.6555120790935689,17.3426647494274917,17.3153425015896118,17.112068132179008,17.1641874257906828,17.2176679297654473,17.1678039854844719,17.1402179266545183,17.2432805123170816,3321.28204938604903,3321.73897943569454,3320.64050385985501,3322.28656849948129,3320.36488360266139,3320.45676455408374,5.00043335976624448,4.99987082841716201,0.603240766057841049,-5.00016405096516614,4.99982397048368288,4.99982397873487372,-0.002472958350586342,-0.00233561973608137916,-0.00247670911331781185,-0.00241523940159855,-0.00287963867187499998,-0.00221374205134013992,-0.00277628194863222379,-0.00268970728991678714,-0.00267633902410438713,-0.00263870158316601962,-0.00250624233290619013,-0.00270532937862818504,-0.0026635464846008405,-0.00276456440340953468,-0.00238560518484382195,-0.00259841878530521703,-0.0030626848274488052,-0.00292104197759007365,-0.00234702179110541634,-0.002281189441770332,-0.00292935942834597705,-0.0026384863564280635,-0.00243220433751601718,-0.00239408430868518927,-4.8311834376318794,5.00029275891706071,-5.00091408392384196,-5.00065637306995114,4.99991771110885352,-0.0000258741588379654245,0.00000447456385130912781,-0.0000347439989136890862,0.00000399552769402611995,0.0000298985080720782622,-0.00000697893317113936694,0.000166945030473511486,-0.0000230119731258011084,0.0000321756881074408488,-0.0000189018493822050063,-5.00063279766880519,-5.00154709255989171,5.00055064035444196,4.99935526994195722,4.99961300082820248,5.00076156385513926,5.00005834824183814,4.99954267101613503,-3.87551923225278516,5.00008178710937478,-0.00299503479573740017
4/23/2014 2:53:47.575 PM,90.9999999999999999,3316.90950117035708,3320.88555826591482,3321.25156737232873,3319.32097868492383,3318.30342339668732,3319.87407590640714,3319.96630410782881,3319.96638495642173,3320.70138794688637,3317.18874814536184,3318.76663488342364,3318.02541749919828,3319.32097875253293,3318.58140454739987,3318.85900753640135,3318.76644482083838,3317.46808425469589,3321.0685005766627,3320.24240146814418,3319.13630686592523,3320.24228623276531,3319.04392124460218,3320.4258717018879,3320.33420207897143,3321.25156737232873,3320.15033127932974,3320.70177574789704,3319.87424925835057,3319.96616267135823,3319.41325008747708,3318.58145070562068,3319.68991245199185,3320.24557405872337,3320.42942139870274,3320.33746833047644,3320.88841432340859,3321.25523246442662,3320.2456749986577,3320.42947322963618,3321.25492292153467,3318.76997706120801,3320.52123740176694,3321.80359206622506,3320.79637883853229,3320.52138128232991,3319.69322573981617,17.6817761984283841,17.6733490496138366,17.3445309333310007,17.7876473903452243,18.2361570915256763,17.5157960917699462,17.333981974811735,17.6096382241897054,16.0995907432859866,16.1770210350979759,16.0775937956394728,16.3592364359863573,16.3285086822286374,16.3367352236258547,16.3681920628873065,16.6533275511900314,17.336067927758652,17.3050924937571366,17.106078270101257,17.1611677037519747,17.2278174995939999,17.1640984705420507,17.1333162003370383,17.2392718298526724,3321.28189980371098,3321.73883017463731,3320.64035382856991,3322.28641962513711,3320.36473337926281,3320.45661439467721,5.00043335976624448,4.99987082841716201,0.603714681831320377,-5.00016405096516614,4.99982397048368288,4.99982397873487372,-0.00248470789354438004,-0.00235347335617294576,-0.00247823506375298864,-0.00242042775468587646,-0.00289489746093749998,-0.00220260391847448226,-0.00277490885070849451,-0.00269642194397781004,-0.00268808966871117699,-0.00262145955563541488,-0.00251646715944429727,-0.00271128072481658907,-0.00266614060034064092,-0.0027779927672390895,-0.00239704686316167702,-0.00258712648740927129,-0.00305780167160190969,-0.00291768449315903383,-0.00237494799317123501,-0.00229446707781146486,-0.00293744677609631463,-0.00263665543047754457,-0.00244334429790292853,-0.00240995493718161114,-4.83032637540247567,5.00029275891706071,-5.00091408392384196,-5.00065637306995114,4.99991771110885352,-0.0000257581449104323642,0.00000428081355839529927,-0.0000375403703226109042,0.00000382618688683371841,0.0000310324841566905185,-0.00000627570077946827484,0.000124576960267229253,-0.0000255291700534592181,0.0000272911970881902505,-0.0000203800103096004241,-5.00063279766880519,-5.00154709255989171,5.00055064035444196,4.99935526994195722,4.99961300082820248,5.00076156385513926,5.00005834824183814,4.99954267101613503,-3.87499206580160305,5.00008178710937478,-0.0029945770213364374
4/23/2014 2:53:48.575 PM,91.9999999999999999,3316.91018343481619,3320.88622830712756,3321.25223626731076,3319.32165358539623,3318.30410142280015,3319.87474909652337,3319.96697701195671,3319.96705786029861,3320.70205856349457,3317.18942956471619,3318.76731149003126,3318.02609637458908,3319.32165365300534,3318.58208172231206,3318.85968385926662,3318.76712142802989,3317.46876482669404,3321.06917004540855,3320.24307351477546,3319.13698233566719,3320.24295827975493,3319.04459699879635,3320.42654317757524,3320.33487384003956,3321.25223626731076,3320.15100361213626,3320.70244636329471,3319.87492244792929,3319.96683557592496,3319.4139247031776,3318.58212788039145,3319.69058621249951,3320.24584833714971,3320.42969544362449,3320.33774249223415,3320.88868778374626,3321.25550545590613,3320.24594927695579,3320.429747274492,3321.25519591341071,3318.7702532005328,3320.52151132993458,3321.8038643540176,3320.7966524162739,3320.52165521031474,3319.69350071756753,17.682084873825616,17.6810392917227013,17.3458287056677811,17.7908466562023975,17.3319046178297213,17.5103980921569899,17.3374859747023997,17.6090342621343261,16.0984529069531348,16.1785484645483422,16.0738658425896972,16.3387596246150508,16.3263040764201541,16.3298840989152047,16.3633963445855564,16.662316369519651,17.3346054491737824,17.3136765879463681,17.1081175049523608,17.1626735336830087,17.2272680942180472,17.1637773982010486,17.1441841635354848,17.2365918227854138,3321.28223798934232,3321.73916763388797,3320.64069302922143,3322.28675621007187,3320.36507301426263,3320.45695388499734,5.00043335976624448,4.99987082841716201,0.604350180606768483,-5.00016405096516614,4.99982397048368288,4.99982397873487372,-0.00248119828980366717,-0.00235210000078128669,-0.00247564094801318822,-0.00241417121125704192,-0.00288284301757812467,-0.00221526782296557279,-0.00278192690676311175,-0.00268787602062741738,-0.00268641100519592148,-0.00265258675577916166,-0.00251143105085090135,-0.00270502418138775409,-0.00266797174086285272,-0.00277066820515024142,-0.00238407962773477464,-0.0025958246087615538,-0.00306848357501699354,-0.00291127475015432249,-0.00236258721520767609,-0.00230102958757892129,-0.00293393717235560219,-0.00263299357857650629,-0.0024419708781291999,-0.00239850977240053769,-4.82888806776442258,5.00029275891706071,-5.00091408392384196,-5.00065637306995114,4.99991771110885352,-0.0000266847298316503595,0.00000707875085921389577,-0.0000202859039435430985,0.00000589946758029744382,0.0000313224645820960764,-0.00000634282057390109023,0.000108481000449288956,-0.0000274433998577547135,0.0000326792438826213294,-0.0000202915342169389852,-5.00063279766880519,-5.00154709255989171,5.00055064035444196,4.99935526994195722,4.99961300082820248,5.00076156385513926,5.00005834824183814,4.99954267101613503,-3.87541990219208498,5.00008178710937478,-0.00297275644155722396
4/23/2014 2:53:49.575 PM,92.9999999999999999,3316.91036227964241,3320.8864039476939,3321.25241160739869,3319.32183049979221,3318.30427915656628,3319.87492556255802,3319.96715340302125,3319.96723425129766,3320.70223435489788,3317.18960818800224,3318.76748885168126,3318.02627433098814,3319.32183056740086,3318.58225923294003,3318.85986114653542,3318.76729878983269,3317.4689432278501,3321.06934553590599,3320.24324968105156,3319.13715939929352,3320.24313444612516,3319.04477413699032,3320.42671919418171,3320.33504993145697,3321.25241160739869,3320.15117985343204,3320.7026221543806,3319.87509891382342,3319.96701196710455,3319.41410154292225,3318.58230539098258,3319.69076282805963,3320.24659280332753,3320.43043927598637,3320.33848664173047,3320.88943002933547,3321.25624642884622,3320.24669374278619,3320.4304911066747,3321.25593688742628,3318.77100271786139,3320.52225484538394,3321.80460341689558,3320.7973949805405,3320.52239872526706,3319.69424708196538,17.6922233683925647,17.6876058963116094,17.3538420287064383,17.794292416239557,17.6989510241669841,17.5189422770427541,17.3308129945194409,17.6019083608755054,16.1073834793598642,16.1826833495804507,16.0865320252707207,16.3713691803534331,16.3356190699815542,16.3347811861697849,16.3714941720998723,16.6569323937390692,17.3401119363140452,17.3061682821411367,17.1097428017338799,17.1565347639823216,17.231328564524027,17.1676105245869301,17.1391874869014167,17.2374556365669029,3321.28289485064215,3321.73982308434415,3320.64135186198927,3322.28740996234819,3320.36573269066366,3320.45761328038679,5.00043335976624448,4.99987082841716201,0.604514510062028387,-5.00016405096516614,4.99982397048368288,4.99982397873487372,-0.00247372130792127953,-0.00234828512469334536,-0.00247243645209931735,-0.00241172963333359395,-0.00288986206054687479,-0.00220992762227655839,-0.00277216265486103552,-0.00268055094346993789,-0.00268015416845724134,-0.00262496899486730799,-0.00250914191058117589,-0.00270807615379206395,-0.0026626309143397346,-0.00276242807280028743,-0.00238209640349301309,-0.0025759867881335408,-0.00306848357501699354,-0.00291860017073113575,-0.00237632141294496363,-0.0022918725972057262,-0.0029397356481011272,-0.00262917914951292476,-0.00244670154623870999,-0.0023966785460355659,-4.82782448635489736,5.00029275891706071,-5.00091408392384196,-5.00065637306995114,4.99991771110885352,-0.0000147841432652327504,0.0000150392943901143515,-0.00000733131652677483486,0.000014258190847028681,0.0000262630692651517459,-0.00000567467352931987868,0.000105437922429285828,-0.0000275884172671710389,0.0000270043228889965266,-0.0000204349265050454557,-5.00063279766880519,-5.00154709255989171,5.00055064035444196,4.99935526994195722,4.99961300082820248,5.00076156385513926,5.00005834824183814,4.99954267101613503,-3.876049297737997,5.00008178710937478,-0.00299808662507715026
4/23/2014 2:53:50.575 PM,93.9999999999999999,3316.91056761913478,3320.88660560814241,3321.25261292284631,3319.32203362281688,3318.30448322036909,3319.87512817078686,3319.96735592517143,3319.9674367733719,3320.70243618853328,3317.18981327312849,3318.76769248823075,3318.02647865041308,3319.32203369042554,3318.58246304054228,3318.86006469768199,3318.76750242655816,3317.46914805793267,3321.06954702404937,3320.24345194510579,3319.13736269366108,3320.24333671028716,3319.04497751697454,3320.42692128638918,3320.33525210956031,3321.25261292284631,3320.15138220362132,3320.70282398765175,3319.87530152189037,3319.9672144893866,3319.41430458023387,3318.58250919854208,3319.69096560796924,3320.246893201489,3320.4307394183952,3320.33878691210702,3320.8897295314623,3321.25654541744324,3320.24699414080714,3320.43079124901169,3321.25623587645759,3318.77130515422413,3320.52255485991509,3321.80490163475906,3320.79769461125761,3320.52269873959767,3319.69454824608237,17.6935426186501452,17.693796062446733,17.3518136361671331,17.7957640484126536,17.7398512363482297,17.5181314391466074,17.327339538254563,17.6055090996536485,16.1120541238318005,16.1917725865966275,16.1029344658969258,16.3751262562983157,16.3348073758630363,16.3286375277950491,16.3655781730547503,16.6467556126180653,17.3486515535282599,17.3220904129373565,17.1089207718952068,17.1669019245644208,17.2239601986755595,17.1600129032748043,17.1271764631336154,17.2380796685455664,3321.28282330968795,3321.73975169702589,3320.64128010634976,3322.28733875995521,3320.36566084315563,3320.45754146347962,5.00043335976624448,4.99987082841716201,0.60416708372068495,-5.00016405096516614,4.99982397048368288,4.99982397873487372,-0.00248653899114822984,-0.00235927196782661705,-0.00248647519610294262,-0.00242927847465837466,-0.00289077758789062483,-0.00220931731362638542,-0.00278619876697026999,-0.00269794800171895173,-0.00269007354377466101,-0.00265014540674827961,-0.00252165587738900805,-0.00271341710549960567,-0.00266995547642858268,-0.0027689896596715469,-0.00239475852749810583,-0.00259811358806478609,-0.00306878877225742449,-0.00291676881558693233,-0.00238471453378441729,-0.00232148019941239014,-0.00295575775213481563,-0.00264184305400401529,-0.00244548072866206199,-0.00240888672180204419,-4.82610059306569283,5.00029275891706071,-5.00091408392384196,-5.00065637306995114,4.99991771110885352,0.00000785841709131835339,0.000034603497195838273,0.0000135437792092594251,0.0000374090624609448234,0.0000243904062021379611,-0.00000626959897997438253,0.0000962354347358962377,-0.0000290279058680088787,0.0000299768278891527799,-0.0000202976360164328784,-5.00063279766880519,-5.00154709255989171,5.00055064035444196,4.99935526994195722,4.99961300082820248,5.00076156385513926,5.00005834824183814,4.99954267101613503,-3.87631524596503318,5.00008178710937478,-0.00298328525277936213
4/23/2014 2:53:51.575 PM,94.9999999999999999,3316.91104454051901,3320.88707398500082,3321.25308049844443,3319.32250539648703,3318.30495717898429,3319.87559874885118,3319.96782630331927,3319.96790715134466,3320.70290496761526,3317.19028960375135,3318.76816545455631,3318.0269532027064,3319.32250546409568,3318.58293640413467,3318.86053746566085,3318.76797539329163,3317.46962379622073,3321.07001500073101,3320.24392172383022,3319.1378348652729,3320.24380648926171,3319.04544988742918,3320.42739066600097,3320.33572168866476,3321.25308049844443,3320.15185218239321,3320.7032927658879,3319.87577209957908,3319.9676848678414,3319.41477615483791,3318.58298256203579,3319.69143658475968,3320.24665810806345,3320.43050452512761,3320.33855191868906,3320.88949513929401,3321.2563114271752,3320.24675904749165,3320.43055635580049,3321.2560018858494,3318.77106846565584,3320.52232006672784,3321.80466824768473,3320.7974601184519,3320.52246394656685,3319.69431255320296,17.7000367017253239,17.6973255576392461,17.3452974505526036,17.7992924296499559,16.9743029431805112,17.5110844295495838,17.3172492802476867,17.5939787975876491,16.125482769870235,16.1907354846309346,16.1041818941334185,16.3609175666313931,16.3356743965404334,16.3282097163049364,16.3608838918185455,16.6472417099795962,17.3530079488636559,17.3138127102850454,17.1153342398326345,17.1647890361206237,17.2172796490345306,17.1573664904653107,17.129630353005691,17.2409897853171401,3321.28329157085272,3321.74021895248643,3320.6417497728521,3322.28780480488785,3320.36613111103224,3320.45801153104048,5.00043335976624448,4.99987082841716201,0.603356422257550484,-5.00016405096516614,4.99982397048368288,4.99982397873487372,-0.00248363975327546734,-0.00235179481069425125,-0.00247625132818725868,-0.00241325561953574909,-0.00289093017578124969,-0.00221099566241436153,-0.00277307805347685489,-0.00267368368363480116,-0.00268549537055123638,-0.00263885416748044959,-0.00250517406744698527,-0.00271646907790391553,-0.00266278350938325232,-0.00275662946114661614,-0.0023833168491802512,-0.00259216224187638206,-0.00305703867850083255,-0.00292043152587533918,-0.00238761397552895603,-0.00231186535952053549,-0.00293561567849246483,-0.00264031728237858285,-0.00243724021001968938,-0.00243391348212332413,-4.82486575184826272,5.00029275891706071,-5.00091408392384196,-5.00065637306995114,4.99991771110885352,0.0000214747885859880658,0.0000486740401213834852,0.000033260334607208718,0.0000533988012013372486,0.0000291506638170849801,-0.0000056212827837483212,0.000113344736482262862,-0.0000278876110802826168,0.0000264763522883527545,-0.0000195867763753944224,-5.00063279766880519,-5.00154709255989171,5.00055064035444196,4.99935526994195722,4.99961300082820248,5.00076156385513926,5.00005834824183814,4.99954267101613503,-3.87630242918300727,5.00008178710937478,-0.00301151467417205094
4/23/2014 2:53:52.575 PM,95.9999999999999999,3316.91141548011364,3320.88743827891903,3321.25344416916686,3319.3228723323441,3318.30532581422539,3319.87596475480177,3319.96819215378036,3319.96827300166933,3320.70326957437146,3317.1906600838688,3318.76853331802431,3318.02732229969251,3319.32287239995275,3318.5833045765853,3318.86090517486036,3318.76834325707704,3317.46999381563773,3321.07037898340468,3320.24428710807751,3319.13820211063694,3320.24417187370409,3319.04581728744733,3320.42775573983135,3320.33608691765402,3321.25344416916686,3320.15221772223185,3320.70365737198562,3319.87613810523771,3319.96805071854123,3319.41514293586669,3318.58335073440912,3319.69180290082749,3320.2474613484037,3320.43130708161606,3320.33935481734806,3320.89029598374463,3321.25711089850847,3320.24756228745673,3320.43135891209613,3321.25680135834363,3318.77187715590344,3320.52312228128539,3321.80546565816894,3320.798261306737,3320.52326616058871,3319.69511784161568,17.700109203872632,17.700517382681344,17.3490224550128964,17.8033202326781534,16.0756829525565337,17.5162542820866136,17.3170170291517742,17.5986138397288343,16.1359855267664756,16.2009367452131769,16.1050918709801145,16.3810899929291018,16.3332327230323742,16.334451586485347,16.3641553829962412,16.6398516845561701,17.3450180144871275,17.3225667078649295,17.1109959910412002,17.1686722100521969,17.2241323706818825,17.1610984981104622,17.136025483297157,17.2419807637126396,3321.28338261839735,3321.74030980443603,3320.64184109371535,3322.28789542140702,3320.36622254885378,3320.45810292990336,5.00043335976624448,4.99987082841716201,0.602615490191865999,-5.00016405096516614,4.99982397048368288,4.99982397873487372,-0.00249004859488894271,-0.0023401975873869091,-0.00248678038618997763,-0.00242546350915298767,-0.00288162231445312491,-0.00221282658836488046,-0.00278757186489399971,-0.00268314524162987849,-0.00269098917841934611,-0.00264038001062475098,-0.0025230293615508435,-0.00272058924064973347,-0.00265866344320827511,-0.00278958999054643208,-0.00239430086036539159,-0.00259139924877530492,-0.00305703867850083255,-0.00292790955938083616,-0.00238349371620776972,-0.00230362406818465995,-0.00294202452010593977,-0.00264977706645626483,-0.00244212348032628052,-0.00243208225575835234,-4.8233219713695119,5.00029275891706071,-5.00091408392384196,-5.00065637306995114,4.99991771110885352,0.0000318717735916153542,0.0000566467883951446528,0.0000394758500969083035,0.0000627720437183653009,0.0000460946779373612876,-0.000000408820566090787021,0.000192090866248632598,-0.0000220945471988620367,0.0000249611071830369655,-0.000018084208250023432,-5.00063279766880519,-5.00154709255989171,5.00055064035444196,4.99935526994195722,4.99961300082820248,5.00076156385513926,5.00005834824183814,4.99954267101613503,-3.87614923812165068,5.00008178710937478,-0.0030311989734134394
4/23/2014 2:53:53.575 PM,96.9999999999999999,3316.91158770061974,3320.8876074138011,3321.25361301469593,3319.32304269389305,3318.30549696480739,3319.87613468458994,3319.96836201137421,3319.96844285919951,3320.7034388545062,3317.19083209103746,3318.76870411026811,3318.02749366466559,3319.32304276150125,3318.58347551229144,3318.86107589547646,3318.76851404946819,3317.47016560890097,3321.0705479737735,3320.24445674920571,3319.13837261589151,3320.24434151492232,3319.04598786450833,3320.42792523683101,3320.33625648669476,3321.25361301469593,3320.15238743560166,3320.70382665181432,3319.87630803488991,3319.96822057624513,3319.41531322552828,3318.58352167007933,3319.69197297460459,3320.24773562431164,3320.43158112400806,3320.33962897658148,3320.89056944152298,3321.25738388740592,3320.24783656323643,3320.43163295442173,3321.25707434763717,3318.77215329280215,3320.52339620691736,3321.80573794334395,3320.79853488192566,3320.52354008603788,3319.69539281688321,17.7016344610465488,17.6976298707532358,17.3513099687187484,17.8053022197056308,15.0635724715581354,17.5145084014256653,17.3253907312731101,17.6042457078795635,16.1496939349984458,16.2103845457842901,16.1147693311438509,16.3912964590897907,16.3371979168818022,16.3314086222161272,16.3614932301776221,16.6459474264517695,17.348743727088209,17.3173877870892951,17.1153319990001798,17.1707999347332496,17.2198654959042869,17.1589630383950684,17.1292477791547846,17.2380958766558692,3321.28418255541191,3321.74110802325549,3320.64264343167997,3322.2886915721001,3320.36702591423636,3320.45890595305627,5.00043335976624448,4.99987082841716201,0.603006707205131054,-5.00016405096516614,4.99982397048368288,4.99982397873487372,-0.00248348716180847974,-0.00234126575269153273,-0.00247899803897057682,-0.00241935956434436838,-0.00287475585937499965,-0.00222198121811747595,-0.00277445115140058461,-0.00268131397234050873,-0.0026851901590030083,-0.00263870158316601962,-0.00250959973863512089,-0.00270899174551335678,-0.00265988420355641646,-0.00277692460193446587,-0.00237690950932225231,-0.00258544790258690089,-0.00305185032541350609,-0.00291966846123192098,-0.00238532494257274151,-0.00229858772347940263,-0.0029397356481011272,-0.0026282636865376653,-0.00244609113745038621,-0.00238706460761946467,-4.82195921952906392,5.00029275891706071,-5.00091408392384196,-5.00065637306995114,4.99991771110885352,0.0000375869860216650626,0.0000602914297319252587,0.0000337075708642033082,0.0000673625526268512048,0.0000436908928320257497,0.00000233546375628729425,0.00021548777152680107,-0.0000205390446704911366,0.0000250679220444388834,-0.0000182077696897747523,-5.00063279766880519,-5.00154709255989171,5.00055064035444196,4.99935526994195722,4.99961300082820248,5.00076156385513926,5.00005834824183814,4.99954267101613503,-3.87554196678280727,5.00008178710937478,-0.00295368250818378543
4/23/2014 2:53:54.575 PM,97.9999999999999999,3316.91174667384621,3320.88776353880121,3321.25376887260426,3319.32319995118405,3318.30565495042628,3319.87629154333853,3319.96851880348231,3319.9685996512494,3320.7035951135831,3317.19099086734013,3318.76886176511789,3318.02765184818054,3319.32320001879225,3318.58363329956591,3318.8612334842096,3318.76867170445393,3317.47032418775461,3321.07070396537892,3320.24461334150237,3319.13853000583185,3320.24449810730266,3319.04614532073128,3320.42808169608815,3320.33641301245052,3321.25376887260426,3320.15254409458248,3320.70398291060928,3319.87646489351345,3319.968377368456,3319.41547041646254,3318.58367945732106,3319.69212996626447,3320.24830376905947,3320.43214878505159,3320.34019687965019,3320.89113589160297,3321.25794936624879,3320.24840470771869,3320.43220061532929,3321.25763982730086,3318.77272529239417,3320.52396362610579,3321.80630196450147,3320.79910157520817,3320.52410750484705,3319.69596241027966,17.700138183186187,17.7041231403829684,17.3515632069872829,17.8047188507225833,14.7702567907806923,17.5142292861246958,17.315905153690835,17.601837299708901,16.1347208708619369,16.2060685413759238,16.1121286143747895,16.3944431372786177,16.3366133444051549,16.3322715511948075,16.3542044484226636,16.652139909942008,17.3491792893585703,17.3131807434927722,17.1006169190382202,17.1648420260082233,17.2208344507849205,17.1574955750545648,17.1318147615884051,17.2344981146822498,3321.28388989563018,3321.74081599208329,3320.64234989350006,3322.28840029756111,3320.36673200017094,3320.45861216419734,5.00043335976624448,4.99987082841716201,0.603649072113807139,-5.00016405096516614,4.99982397048368288,4.99982397873487372,-0.00248333457034149259,-0.00235423633139053394,-0.00247289423722987008,-0.00242149594502738498,-0.00288726806640624998,-0.00220840185065112596,-0.00277612938219625382,-0.0026965745497519243,-0.00268763185138883466,-0.00264617821457309617,-0.00251341497241799666,-0.0027176898668656393,-0.0026669035755582291,-0.00277631422176039498,-0.00240467464870691358,-0.00259048365705401166,-0.0030605484467657886,-0.00294286562639183014,-0.00238318851181360762,-0.0023220906654372697,-0.00293439494675656453,-0.0026526760325445869,-0.00244838017040660072,-0.00240827631301371997,-4.82001705393566659,5.00029275891706071,-5.00091408392384196,-5.00065637306995114,4.99991771110885352,0.0000381624761621908991,0.0000604806032462663183,0.0000397780780111913358,0.0000674846000554583448,0.0000326853725815022,-0.00000159409511777937459,0.000144851429422566041,-0.0000256161804991090133,0.0000258751372113190979,-0.0000192511774032303429,-5.00063279766880519,-5.00154709255989171,5.00055064035444196,4.99935526994195722,4.99961300082820248,5.00076156385513926,5.00005834824183814,4.99954267101613503,-3.87456224586152231,5.00008178710937478,-0.00301822869871950107
4/23/2014 2:53:55.575 PM,98.9999999999999999,3316.91269388925502,3320.8886937835191,3321.25469752590152,3319.32413694247225,3318.30659628133707,3319.87722615997654,3319.96945302305675,3319.96953387047551,3320.70452615717704,3317.19193690940892,3318.76980112519504,3318.02859435822392,3319.32413701008044,3318.58457344867383,3318.86217245034049,3318.76961106534099,3317.47126905335881,3321.07163341528757,3320.24554637053279,3319.1394677874905,3320.24543113683057,3319.04708349732163,3320.429013932423,3320.33734564500673,3321.25469752590152,3320.15347752093703,3320.70491395252293,3319.87739950940567,3319.96931158863935,3319.4164070123752,3318.58461960623253,3319.6930653748318,3320.24901558322199,3320.43285999319732,3320.340908391021,3320.89184558257147,3321.25865784038569,3320.24911652154924,3320.43291182330404,3321.2583483024664,3318.77344193616591,3320.52467453123881,3321.80700861235118,3320.79981157087695,3320.52481840950486,3319.69667603940706,17.7021105617480714,17.695214102487995,17.3535362984113099,17.803496240889995,16.4918032705024622,17.5056258678887921,17.3018999868699055,17.5852540523689491,16.1301476869788942,16.2036262795196357,16.1134941815657662,16.3942857268418294,16.3351605710079752,16.3283814080448515,16.3581603338616794,16.6464999954476838,17.3462654883983838,17.3054720907495998,17.1107971495461051,17.173878022653156,17.2221068253699023,17.152905919758453,17.1328587272185295,17.2375968321664992,3321.28457927241743,3321.74150388815178,3320.64304133939595,3322.28908641134421,3320.36742433148219,3320.45930420057948,5.00043335976624448,4.99987082841716201,0.603013725919097521,-5.00016405096516614,4.99982397048368288,4.99982397873487372,-0.00246838060657671686,-0.00232768479381846019,-0.00246785860079378741,-0.00241005104851122354,-0.00286178588867187474,-0.0021919235170964539,-0.00276605999742223765,-0.00268039833769582406,-0.00267343951439621844,-0.00263336113216096519,-0.00249769620923254859,-0.00270166701174301329,-0.00265271223651108654,-0.00275876579175586339,-0.00238514751771110771,-0.00258407451500496143,-0.00304681457094639488,-0.00291096952429695504,-0.00236762308771134829,-0.00230331883517221996,-0.00292996979421392698,-0.00262185544571084863,-0.00241679151561083848,-0.00239820456800637558,-4.81844564598344771,5.00029275891706071,-5.00091408392384196,-5.00065637306995114,4.99991771110885352,0.0000360726989675493292,0.0000604272074962507004,0.0000518885642330175896,0.0000670314989767543539,0.0000277724936900259373,-0.00000311039229201162161,0.000113132606168932649,-0.0000280265224935129897,0.000027515508297134282,-0.0000202488216204817399,-5.00063279766880519,-5.00154709255989171,5.00055064035444196,4.99935526994195722,4.99961300082820248,5.00076156385513926,5.00005834824183814,4.99954267101613503,-3.87386968188991165,5.00008178710937478,-0.00297275644155722396
4/23/2014 2:53:56.575 PM,100,3316.91288598141181,3320.88888243402425,3321.25488585366702,3319.3243269611803,3318.3067871801195,3319.87741569710624,3319.96964247966161,3319.96972332700988,3320.70471496969412,3317.1921287636128,3318.76999162429274,3318.02878549613387,3319.32432702878804,3318.58476410778666,3318.8623628695459,3318.76980156460285,3317.47146066897585,3321.07182190460571,3320.24573558569591,3319.13965796648517,3320.24562035209464,3319.04727375640823,3320.42920298682793,3320.33753477976461,3321.25488585366702,3320.15366681667728,3320.70510276469895,3319.87758904638394,3319.9695010453679,3319.41659695090084,3318.5848102653058,3319.69325507256417,3320.24927026797149,3320.4331144611101,3320.34116296742968,3320.8920995076287,3321.2589113300537,3320.2493712061796,3320.43316629115543,3321.2586017925023,3318.77369834897899,3320.52492889073164,3321.80726144856225,3320.80006560495803,3320.52507276882761,3319.69693137356216,17.7032390831524537,17.6904835243617846,17.3577099858241155,17.8043203565923242,20.447771489449984,17.510178736999638,17.311778856078476,17.5909452823701358,16.1321907657684491,16.2062032020125812,16.1163759869618381,16.3918369666558803,16.3368238123825868,16.3333963038441503,16.3550242527287857,16.6335429367139582,17.3411415354790321,17.3091769368558665,17.1192996112341404,17.1742339702734412,17.2180473745091653,17.152500672630925,17.1391516566084014,17.2358219214874069,3321.28508655196037,3321.74201007813872,3320.64355014144939,3322.28959128987389,3320.36793378505035,3320.45981343712992,5.00043335976624448,4.99987082841716201,0.602575819199881235,-5.00016405096516614,4.99982397048368288,4.99982397873487372,-0.00248837008875208007,-0.00233775606669062641,-0.00248876412175570759,-0.00242744729121578901,-0.00288055419921875002,-0.00223922243748486422,-0.00278314743825087106,-0.00268726559753096079,-0.0026951095343204284,-0.00262664742232603934,-0.00251463584722851682,-0.0027193684516880097,-0.0026583582531212401,-0.0027940152468084443,-0.00239369063752177275,-0.00258941546671250357,-0.00305352891023587649,-0.00291371655701325996,-0.00232474187033159365,-0.00231232320903919505,-0.00294553412384665264,-0.00265206572389441392,-0.00244136046934087568,-0.00240491906467793851,-4.81713784381398557,5.00029275891706071,-5.00091408392384196,-5.00065637306995114,4.99991771110885352,0.0000339233883100947318,0.0000599741064175467027,0.0000506613357325955686,0.0000665524628194713418,0.0000186930539493014052,-0.00000686604988050235882,0.0000474836156040006294,-0.0000330349658650389252,0.0000278222195420169332,-0.0000217529151957262011,-5.00063279766880519,-5.00154709255989171,5.00055064035444196,4.99935526994195722,4.99961300082820248,5.00076156385513926,5.00005834824183814,4.99954267101613503,-3.87414447979977527,5.00008178710937478,-0.00300632656429447543
4/23/2014 2:53:57.575 PM,101,3316.91322379916937,3320.88921419926782,3321.2552170513386,3319.32466113255532,3318.30712289919938,3319.87774902157389,3319.96997566251866,3319.97005650974279,3320.70504701985328,3317.19246616290456,3318.77032664048465,3318.02912163574546,3319.32466120016306,3318.5850994053826,3318.86269774523862,3318.77013658108398,3317.47179764868724,3321.07215338638434,3320.24606834395081,3319.13999241974215,3320.24595311052689,3319.04760835051547,3320.42953546237231,3320.33786739661945,3321.2552170513386,3320.15399971663646,3320.70543481425875,3319.87792237058556,3319.96983422844186,3319.41693098126734,3318.58514556283171,3319.69358867946948,3320.24977963822448,3320.43362339769328,3320.34167212100283,3320.89260735850985,3321.25941831016189,3320.24988057619475,3320.43367522761627,3321.25910877334672,3318.77421117533231,3320.52543761047672,3321.80776712176748,3320.80057367388462,3320.525581488233,3319.69744204261587,17.6965211868930403,17.6931220469348531,17.3553256117568431,17.7988183758490166,19.9235956999406234,17.5087841880697574,17.3030802920957782,17.5915289840850768,16.1411500499306015,16.2082347657794301,16.1166559553972668,16.3821427042371681,16.3341329819985077,16.326211190862324,16.3655124754386776,16.6458533609165862,17.3499553203977399,17.3093904344846301,17.1202744659500929,17.1679776071489805,17.2156724610315557,17.1519529673212574,17.1410394899809155,17.2396883144252726,3321.28551578324413,3321.74243838742268,3320.64398066110561,3322.29001848938196,3320.36836485602816,3320.46024432446438,5.00043335976624448,4.99987082841716201,0.603169816014483717,-5.00016405096516614,4.99982397048368288,4.99982397873487372,-0.00248211383860559229,-0.00235759342234792254,-0.00248250772497148314,-0.00243080446086052938,-0.00287963867187499998,-0.00220580803888789038,-0.00278360513755878097,-0.00268039833769582406,-0.00267694944720084415,-0.00262969910861464212,-0.00251372019112062681,-0.00271524828894219132,-0.00266507243503601729,-0.00277036301506320597,-0.0024062002058159609,-0.00259094145291465829,-0.00305368150885609174,-0.00291295349236984219,-0.00236731788331718618,-0.00230972872843345639,-0.0029450763494456903,-0.00264504717441742384,-0.00244090266274963295,-0.00241682203605025469,-4.8162183526528235,5.00029275891706071,-5.00091408392384196,-5.00065637306995114,4.99991771110885352,0.0000370496583573014116,0.0000598764684746609948,0.0000523358004900121798,0.0000663007399979691231,0.0000153872770996780491,-0.00000934643137476959602,0.0000153023787896546348,-0.0000349400366750554902,0.0000276238490851276536,-0.0000218673239362366833,-5.00063279766880519,-5.00154709255989171,5.00055064035444196,4.99935526994195722,4.99961300082820248,5.00076156385513926,5.00005834824183814,4.99954267101613503,-3.87274378862123658,5.00008178710937478,-0.00298603189918513704
4/23/2014 2:53:58.575 PM,102,3316.91397229559697,3320.88994928506781,3321.25595087956162,3319.32540154964908,3318.30786674556247,3319.87848756216544,3319.97071388934046,3319.97079473628946,3320.70578273694354,3317.19321373213233,3318.77106892944948,3318.02986641388588,3319.32540161725683,3318.58584231785835,3318.86343972289842,3318.7708788706891,3317.47254428824544,3321.07288784410775,3320.24680562997809,3319.14073346140503,3320.24669039694708,3319.04834970426236,3320.43027212199331,3320.33860436934355,3321.25595087956162,3320.15473731663814,3320.7061705300207,3319.87866091058731,3319.97057245574569,3319.41767108592648,3318.58588847515193,3319.69432784586115,3320.25024329387133,3320.43408665858078,3320.3421355794112,3320.89306963110812,3321.25987979011642,3320.25034423162515,3320.43413848839236,3321.2595702539711,3318.77467797698636,3320.52590067398159,3321.80822741207885,3320.80103614496465,3320.52604455142864,3319.6979068805308,17.6979789627068698,17.6901666184036479,17.3535875086184212,17.7954838166672431,19.5133196708280998,17.4972312095622548,17.3002017677363007,17.5840890606639952,16.1377368060127786,16.2170816519607115,16.1174300493947982,16.4012656918048698,16.3393250259864828,16.3252335145768796,16.3597348835099758,16.6502060583789628,17.3373074355939032,17.3114314129904549,17.1203367511788791,17.1775544036705483,17.2141360578038771,17.1531571544825176,17.1465822745583161,17.2345755231275675,3321.28567837242963,3321.74260062738631,3320.64414373828231,3322.29018030899988,3320.36852814202711,3320.46040754090518,5.00043335976624448,4.99987082841716201,0.604093234643298005,-5.00016405096516614,4.99982397048368288,4.99982397873487372,-0.0024830293874075174,-0.0023604927281747584,-0.00247762468357891775,-0.00242241153674867781,-0.00288253784179687495,-0.00221526782296557279,-0.00277734991368401357,-0.00268818123217564589,-0.00268320628393952428,-0.00263534472824855691,-0.0025105153947430109,-0.00270822875241227921,-0.00266110496390455781,-0.00277494086636873591,-0.002391402301858202,-0.00258819467775077937,-0.00305627568539975497,-0.00292943568866767213,-0.00237342197120042533,-0.00229141474768706664,-0.00293531049555848965,-0.00264367397995453465,-0.00244166567373503779,-0.00240873411960496314,-4.81519598349653766,5.00029275891706071,-5.00091408392384196,-5.00065637306995114,4.99991771110885352,0.0000363947902663582163,0.0000596064385388677071,0.0000543063875472818685,0.0000663144703336874316,0.0000253442891804457163,-0.00000734961749039332699,0.0000809818917018284134,-0.0000309787716494200756,0.0000260796113745742021,-0.0000211900241924146346,-5.00063279766880519,-5.00154709255989171,5.00055064035444196,4.99935526994195722,4.99961300082820248,5.00076156385513926,5.00005834824183814,4.99954267101613503,-3.87108859277104233,5.00008178710937478,-0.00302463754033297644
4/23/2014 2:53:59.575 PM,103,3316.91368084640589,3320.88966305778103,3321.25566514195725,3319.32511324643383,3318.30757710703937,3319.87819998963277,3319.97042643898521,3319.97050728604153,3320.70549626384172,3317.19292264397927,3318.77077989735471,3318.02957641254215,3319.32511331404157,3318.58555304297715,3318.8631508120211,3318.77058983834513,3317.47225356209219,3321.07260186138501,3320.24651854595458,3319.14044491499134,3320.24640331277078,3319.0480610363279,3320.42998528188354,3320.33831740731602,3321.25566514195725,3320.15445011035763,3320.70588405743592,3319.87837333828429,3319.97028500520264,3319.41738290436842,3318.58559920033121,3319.6940400296512,3320.25081796844597,3320.4346608438891,3320.3427100095273,3320.89364259152716,3321.26045176812931,3320.25091890593103,3320.43471267356244,3321.26014223281436,3318.77525655073395,3320.52647461465312,3321.80879791564302,3320.80160935138246,3320.52661849171681,3319.69848302041282,17.7015081114098116,17.6884467584678298,17.3522481425575066,17.7944491536932752,19.6829580717055315,17.4957401466176421,17.2968084848208257,17.5889108171915431,16.1386811140942647,16.2190920575304425,16.1218781844448067,16.4039609905980939,16.3452967948730112,16.3285393928163458,16.3631174931038181,16.6357693543315541,17.3450086888883277,17.3134244838365667,17.1189803171246844,17.1850279246645563,17.2163578795175915,17.1585004224361128,17.1410399612066335,17.2414392058963521,3321.28623117514143,3321.74315224273641,3320.64469820017484,3322.29073049516819,3320.36908331391805,3320.46096247629793,5.00043335976624448,4.99987082841716201,0.604832183159383141,-5.00016405096516614,4.99982397048368288,4.99982397873487372,-0.00248775972288413014,-0.00235011626521555717,-0.00248754336140756625,-0.00242744729121578901,-0.00289779663085937495,-0.00223311935098313404,-0.00279062319361339821,-0.00270359441536117528,-0.00268503755322889405,-0.00264297394397006343,-0.00252516589246925367,-0.00271250151377831284,-0.00266369907964435822,-0.00276990522993265324,-0.00240147097877791392,-0.00260024996874780269,-0.00308328564117789578,-0.00291951584830323725,-0.00239615969856549075,-0.00230728686433393773,-0.00293744677609631463,-0.00264214820832910178,-0.00244960098798324873,-0.00241026014157577281,-4.81315460321941568,5.00029275891706071,-5.00091408392384196,-5.00065637306995114,4.99991771110885352,0.0000406216661260824785,0.0000594981214459788756,0.0000566692603316764997,0.0000657957687621071034,0.0000371739643242271649,-0.00000479143805257896222,0.000119096672819971869,-0.0000275441487948228976,0.000033010369952967272,-0.0000203891630088412622,-5.00063279766880519,-5.00154709255989171,5.00055064035444196,4.99935526994195722,4.99961300082820248,5.00076156385513926,5.00005834824183814,4.99954267101613503,-3.87098270173859049,5.00008178710937478,-0.002974282356227099
4/23/2014 2:54:00.575 PM,104,3316.91457506952565,3320.89054125950951,3321.25654184128507,3319.32599781734597,3318.30846577482589,3319.87908231872688,3319.97130839322608,3319.97138923995362,3320.70637521975913,3317.1938157593936,3318.77166670455108,3318.03046619350334,3319.32599788495326,3318.58644059506832,3318.8640372473078,3318.77147664630638,3317.47314556685023,3321.07347931276353,3320.24739937624781,3319.1413302320625,3320.24728414353376,3319.04894672623913,3320.4308653638227,3320.33919786331262,3321.25654184128507,3320.15533131574966,3320.70676301176672,3319.87925566667445,3319.97116696001876,3319.41826710202121,3318.58648675223685,3319.69492310637588,3320.25095510540404,3320.43479786408443,3320.3428470881463,3320.89377931940453,3321.26058826155713,3320.25105604282544,3320.43484969372502,3321.26027872643999,3318.7753946182247,3320.52661157646662,3321.80893405719552,3320.80174613796725,3320.52675545343845,3319.69862050706478,17.7160759333061044,17.6903131750918412,17.35396267926291,17.8015641441810572,19.4093659756985204,17.4940301761443457,17.2991311627088287,17.5894072524053335,16.1458778681107091,16.2257581792418577,16.1270977104888971,16.3998894634251293,16.3521159338214978,16.3418332712300085,16.3682618209988675,16.6565206374032719,17.3609987628115192,17.3206622919104056,17.1373360262673664,17.1880797997819066,17.2275556566248511,17.1705360571982268,17.1584773138463511,17.2435014254820942,3321.2866864237335,3321.74360651349252,3320.64515481516309,3322.29118358893947,3320.36954051361635,3320.46141948123113,5.00043335976624448,4.99987082841716201,0.60429799799423467,-5.00016405096516614,4.99982397048368288,4.99982397873487372,-0.00247967237513379213,-0.00235393114130349893,-0.0024872381713205308,-0.00241798617676242892,-0.00288452148437499988,-0.00220916473646384217,-0.00277841787873580291,-0.002692454193850842,-0.00269129438996757462,-0.00263717574002171823,-0.00250959973863512089,-0.00271005993585486486,-0.00266064717877400507,-0.00277600903167335954,-0.00239826730884891469,-0.00259765579220413946,-0.00306237963020837426,-0.00293569281874370017,-0.00237449018657999184,-0.00232102234989373015,-0.00295468961186590292,-0.00264626779171776979,-0.00245631548465481166,-0.00241483820748820228,-4.81069774237445102,5.00029275891706071,-5.00091408392384196,-5.00065637306995114,4.99991771110885352,0.0000408338494935442612,0.0000591975796530337995,0.0000500950399942167539,0.0000657667824978129041,0.0000367435723244147116,-0.00000381972648317660687,0.000122136698605250835,-0.0000279578300364210486,0.0000390560911083158788,-0.0000202701779187103643,-5.00063279766880519,-5.00154709255989171,5.00055064035444196,4.99935526994195722,4.99961300082820248,5.00076156385513926,5.00005834824183814,4.99954267101613503,-3.87135805035506175,5.00008178710937478,-0.00300678433869543821
4/23/2014 2:54:01.575 PM,105,3316.91491951088664,3320.89087952965519,3321.25687953272745,3319.32633854081177,3318.30880807635003,3319.87942217867612,3319.97164810878712,3319.97172895538778,3320.70671378040788,3317.19415977408152,3318.77200828940249,3318.03080892380649,3319.32633860841906,3318.58678246684212,3318.8643786889047,3318.77181823145201,3317.47348915372867,3321.07381729388498,3320.24773865887982,3319.14167124293817,3320.2476234263463,3319.0492878807272,3320.43120435819901,3320.33953700177062,3321.25687953272745,3320.15567074286445,3320.70710157180383,3319.87959552635175,3319.97150667580126,3319.41860768171272,3318.58682862393971,3319.6952632543016,3320.25098122748068,3320.43482396392391,3320.34287319911209,3320.89380536357293,3321.26061426107526,3320.25108216488979,3320.43487579355814,3321.26030472599586,3318.77542091751775,3320.52663766518753,3321.80895998970072,3320.80177219331653,3320.52678154214163,3319.69864669573917,17.7140444489224045,17.6963472204145979,17.3539847454366374,17.7989236484485467,19.7756093966241089,17.4972480657779172,17.3021967928754705,17.5885929787302935,16.1583859430012815,16.2377368392891981,16.1388492637626406,16.4138445408990599,16.3627255978934585,16.3482533616911283,16.3789494539573397,16.6700198851699461,17.3698331818252249,17.3303337563185558,17.1549284891179958,17.2035364372005155,17.2436238729890654,17.1799818001099922,17.1803276881925413,17.2492149997228914,3321.28705062158314,3321.74396992905985,3320.64552010614852,3322.29154606290421,3320.36990627237764,3320.46178508417779,5.00043335976624448,4.99987082841716201,0.605270547620814669,-5.00016405096516614,4.99982397048368288,4.99982397873487372,-0.00247799386899692949,-0.00235301557104239259,-0.00249334197306123754,-0.00242775248845621995,-0.00289962768554687502,-0.00222106575514221648,-0.00279199629153712792,-0.00268573953978981954,-0.00268671621674414999,-0.00264373686554221412,-0.00251600933139035227,-0.00271540088756240701,-0.0026669035755582291,-0.00277509346141225364,-0.00239262274754543968,-0.00259857138392543229,-0.00307474011844582852,-0.00293050397916845736,-0.00235221026580616959,-0.00228515747093204977,-0.00294110897130401509,-0.00264703067753048601,-0.00243800322100509422,-0.00242872500742257087,-4.80852265123126354,5.00029275891706071,-5.00091408392384196,-5.00065637306995114,4.99991771110885352,0.0000376526254806640326,0.000059051122738705241,0.0000455051443464941002,0.0000659529048264387855,0.000033730828325727498,-0.00000194342313880471113,0.000153608290846225966,-0.0000251582307851627245,0.0000311029617136472981,-0.0000194891475834921421,-5.00063279766880519,-5.00154709255989171,5.00055064035444196,4.99935526994195722,4.99961300082820248,5.00076156385513926,5.00005834824183814,4.99954267101613503,-3.87166672118885069,5.00008178710937478,-0.00297626604529793682
4/23/2014 2:54:02.575 PM,106,3316.91513809667321,3320.89109419891338,3321.25709383471439,3319.32655476705622,3318.30902530410094,3319.87963785689407,3319.97186369536984,3319.97194454189048,3320.70692863403201,3317.19437808908242,3318.77222506232055,3318.03102642368003,3319.32655483466351,3318.58699942185467,3318.86459537090695,3318.77203500455743,3317.47370719722312,3321.07403177971582,3320.24795397070647,3319.14188765158587,3320.24783873828846,3319.0495043805181,3320.43141948708626,3320.33975222209846,3321.25709383471439,3320.15588614638682,3320.70731642504051,3319.87981120439781,3319.9717222625245,3319.41882381671166,3318.58704557890632,3319.69547911528252,3320.2513273356767,3320.43516977743593,3320.34321916007138,3320.89415043933695,3321.26095874513839,3320.25142827292393,3320.43522160698739,3321.26064921055922,3318.77576937417643,3320.52698333135549,3321.80930358570685,3320.80211741724497,3320.52712720807858,3319.69899368648657,17.7295493175840804,17.6989993945934607,17.3523755036612144,17.8044660844269629,21.7900742152748457,17.4980738356163634,17.2990662192554723,17.5891902841586187,16.1559388060708429,16.2116799815217298,16.1363247768727582,16.4123112142822158,16.3694935163009454,16.3562401469229996,16.3746722014828414,16.6713793990513075,17.3776712242443807,17.3363450365441167,17.1655858979950793,17.2200519302350905,17.2517681032249825,17.1933030959838859,17.1836753488819696,17.2604769187350016,3321.28731726631213,3321.74423600104546,3320.64578755121101,3322.2918114454992,3320.37017405992037,3320.46205275764123,5.00043335976624448,4.99987082841716201,0.605457153863881436,-5.00016405096516614,4.99982397048368288,4.99982397873487372,-0.00248180865567161711,-0.00233684049642952007,-0.00247518316288263506,-0.00242103814916673835,-0.00287994384765624971,-0.00222747399596903315,-0.00277902814447968279,-0.00268253481853342191,-0.00268549537055123638,-0.00263107236744451311,-0.00252074022128111804,-0.00271204371791766621,-0.00265606932746847513,-0.00278180764332703083,-0.00238606285197653619,-0.002584837508106039,-0.00307550311154690609,-0.00291264826651247474,-0.00238730877113479392,-0.00229584062636744397,-0.00293759936756330222,-0.00264062243670366934,-0.00244044485615838979,-0.00240675029104291029,-4.8068053213749824,5.00029275891706071,-5.00091408392384196,-5.00065637306995114,4.99991771110885352,0.0000275548342881483188,0.0000588039766957757895,0.0000453372399496701896,0.0000655791345763294268,0.0000267499311372800233,-0.00000286479486238245515,0.000122087862849664004,-0.0000276571097242629834,0.0000306161911309728375,-0.000020070343985285388,-5.00063279766880519,-5.00154709255989171,5.00055064035444196,4.99935526994195722,4.99961300082820248,5.00076156385513926,5.00005834824183814,4.99954267101613503,-3.87166351699334399,5.00008178710937478,-0.00298710003945404975
4/23/2014 2:54:03.575 PM,107,3316.91566800459122,3320.89161461248522,3321.25761335795732,3319.32707895503381,3318.30955191990415,3319.88016071636093,3319.97238633269717,3319.97246717902271,3320.70744949453956,3317.19490734056898,3318.77275057553015,3318.03155369915521,3319.3270790226411,3318.58752537649161,3318.86512066372097,3318.77256051821996,3317.47423579052974,3321.07455174862707,3320.24847594197717,3319.14241228174069,3320.24836070983747,3319.05002923161964,3320.43194101487961,3320.34027397155978,3321.25761335795732,3320.15640833994302,3320.70783728460764,3319.8803340634472,3319.97224490019243,3319.41934778349423,3318.58757153343367,3319.69600241779835,3320.25189548081698,3320.43573743887418,3320.34378706353345,3320.89471688981575,3321.26152422438417,3320.25199641779909,3320.43578926828877,3321.26121469062582,3318.77634137414634,3320.5275507509391,3321.80986760727273,3320.80268411092538,3320.52769462728338,3319.69956328027001,17.735963368935522,17.7022204371073961,17.3616855463005954,17.8048713849136888,22.2222244662325288,17.5023597535617021,17.3087542430337606,17.5914970338122565,16.1749208683009229,16.2427010686313551,16.1394725031699231,16.4535246272071198,16.3826194702376036,16.3698230570537468,16.3958755784974563,16.6783331816674796,17.3844906239198202,17.3494812940559875,17.171493728127384,17.2120298364427953,17.2598829849431219,17.193729580895873,17.1896578599414482,17.26448026990888,3321.2878180380294,3321.74473569712017,3320.6462898259956,3322.29230984686455,3320.37067697789916,3320.46255546137399,5.00043335976624448,4.99987082841716201,0.604900386749449237,-5.00016405096516614,4.99982397048368288,4.99982397873487372,-0.00248287679594052981,-0.00235072664538962762,-0.00247579354305670595,-0.00242592130501363386,-0.0028848266601562496,-0.00222396472123053855,-0.00277612938219625382,-0.00269092813610970075,-0.0026784755049419854,-0.00262191730857870521,-0.0025111258321482712,-0.00271372230274003661,-0.00266644579042767636,-0.00279111594098160843,-0.00239445341607629663,-0.00258132773984108294,-0.00306115884124665049,-0.00294179733589104492,-0.00239234464363846612,-0.00229996127203538174,-0.00294538153237966505,-0.00265404922700747609,-0.00244181827593211885,-0.00241865326241522648,-4.80567778465394912,5.00029275891706071,-5.00091408392384196,-5.00065637306995114,4.99991771110885352,0.0000292278772430987665,0.0000585766633599949961,0.0000496706997913345095,0.0000653258861619696258,0.0000290453551362798035,-0.00000126002159548876881,0.000157786800183622444,-0.0000253856791430893799,0.0000344935705998624881,-0.0000195105038817207664,-5.00063279766880519,-5.00154709255989171,5.00055064035444196,4.99935526994195722,4.99961300082820248,5.00076156385513926,5.00005834824183814,4.99954267101613503,-3.87135850809727699,5.00008178710937478,-0.00300586878989351309
4/23/2014 2:54:04.575 PM,108,3316.91572761957058,3320.89167315938175,3321.25767180469529,3319.32713792653885,3318.30961116453181,3319.8802195384128,3319.97244512975885,3319.97252597606257,3320.70750809171522,3317.19496688170238,3318.77280969611911,3318.03161301799355,3319.32713799414614,3318.58758454674034,3318.86517975951665,3318.7726196388603,3317.47429525762027,3321.07461024550093,3320.24853466411013,3319.14247130298918,3320.24841943200135,3319.05008827772371,3320.43199968712269,3320.34033266873939,3321.25767180469529,3320.15646708708209,3320.70789588167736,3319.88039288545223,3319.97230369729277,3319.41940673011595,3318.58763070367012,3319.69606128969189,3320.25223505826625,3320.43607672719781,3320.34412649652313,3320.89505545430665,3321.2618622083346,3320.25233599508965,3320.43612855653054,3321.26155267506692,3318.77668325576223,3320.52788989469763,3321.81020471991632,3320.80302282078628,3320.528033770815,3319.69990372362417,17.7428682391672829,17.7034972736610889,17.3599184112037257,17.8072131724344551,20.8079567821158342,17.4955715823481235,17.3114007580919029,17.5939903121459515,16.1666821368248144,16.248853309271631,16.1431118726534493,16.4551069741192606,16.3950181022533172,16.3710253376331245,16.4085048725540936,16.6780119388195409,17.3815073590656972,17.3428447109028774,17.1749806965931206,17.2300532944486875,17.28696749703726,17.2027736039237666,17.1906322977541066,17.2753475754689028,3321.28788957714186,3321.74480708257351,3320.64636157982658,3322.29238104736396,3320.37074882361275,3320.46262727648172,5.00043335976624448,4.99987082841716201,0.605146652061231527,-5.00016405096516614,4.99982397048368288,4.99982397873487372,-0.00249004859488894271,-0.00236125570339234658,-0.00249257899784364892,-0.00243278824292333072,-0.00289321899414062478,-0.00221816678905389442,-0.00278726673202205977,-0.00269352243426964136,-0.00269388868812751522,-0.00263885416748044959,-0.00251692498749824228,-0.00271112812619637338,-0.00266003679859993418,-0.00276578516375767603,-0.00238926652190553585,-0.00259460381979983003,-0.00305459710057738457,-0.00291539529922877966,-0.00237830524150701647,-0.00230713424782771773,-0.0029408037883700399,-0.00264550490590505358,-0.00244380210449417126,-0.00242414694151014184,-4.80477844170548174,5.00029275891706071,-5.00091408392384196,-5.00065637306995114,4.99991771110885352,0.0000312794919615781475,0.0000583920666242267038,0.0000532653802869736363,0.0000652770671905267752,0.000030756239646172591,0.000000236444730388328207,0.000176080369002969221,-0.0000245781611474974229,0.0000311029617136472981,-0.0000193915187915898651,-5.00063279766880519,-5.00154709255989171,5.00055064035444196,4.99935526994195722,4.99961300082820248,5.00076156385513926,5.00005834824183814,4.99954267101613503,-3.87044866915418062,5.00008178710937478,-0.0030087680277662756
4/23/2014 2:54:05.575 PM,109,3316.91648936254932,3320.89242125426926,3321.25841861973776,3319.32789144712205,3318.3103681751063,3319.88097114926586,3319.97319642128695,3319.97327726731055,3320.70825682907116,3317.19572768106309,3318.773565121719,3318.0323709768445,3319.32789151472889,3318.58834060689105,3318.86593486829861,3318.77337506511185,3317.47505511084955,3321.07535770119056,3320.24928499818452,3319.14322545920049,3320.24916976647546,3319.05084275154513,3320.43274938369904,3320.34108268396312,3321.25841861973776,3320.15721774069061,3320.70864461768178,3319.88114449570548,3319.97305498931064,3319.42015993273207,3318.58838676366258,3319.69681353742635,3320.25304482171077,3320.43688580119715,3320.34493591549198,3320.89586280226421,3321.26266817194391,3320.25314575815582,3320.4369376303357,3321.26235863984675,3318.77749851369162,3320.52869862396937,3321.81100860582046,3320.80383051539138,3320.5288424995465,3319.7007155518936,17.7457601345049056,17.7118696050151101,17.3682155962724742,17.810409620278751,20.1300104158612498,17.502116753048071,17.3185544211302762,17.5928514126343742,16.1888381801923629,16.2503018789105127,16.1476072484995434,16.4264060807163439,16.3976090046998557,16.3857270967055086,16.4159718798728562,16.6993328494174129,17.3888884559244623,17.3608812286730263,17.172543195161662,17.236064799307691,17.2483715214202107,17.2090150727335818,17.1971010202947383,17.266595037168905,3321.28851391608759,3321.74543008046157,3320.64698779272339,3322.29300243107127,3320.37137583841286,3320.46325402417051,5.00043335976624448,4.99987082841716201,0.605164198846147916,-5.00016405096516614,4.99982397048368288,4.99982397873487372,-0.00248058792393571724,-0.00234553841391002722,-0.00247899803897057682,-0.00242668429811471144,-0.00288314819335937483,-0.00223906986032232098,-0.00277521398358043401,-0.00268818123217564589,-0.00269343087080517246,-0.00263839641453715926,-0.00251570411268772212,-0.00270456638552710746,-0.00266629319538415864,-0.00278241802350110172,-0.00238453729486748887,-0.002592467439116813,-0.00306405821503074466,-0.00294027120660420851,-0.00237036992725880554,-0.00231644385470713282,-0.00294309266037485248,-0.00263955439656586664,-0.00243998704956714706,-0.00240110400975091431,-4.80355535361212293,5.00029275891706071,-5.00091408392384196,-5.00065637306995114,4.99991771110885352,0.0000308093302552599571,0.0000585186908314066042,0.000052331221279189712,0.0000651031496047616064,0.0000277801247538523986,0.0000001098323908900621,0.000160542968139553073,-0.0000255306965525057053,0.0000290811089799681178,-0.0000194006714908307032,-5.00063279766880519,-5.00154709255989171,5.00055064035444196,4.99935526994195722,4.99961300082820248,5.00076156385513926,5.00005834824183814,4.99954267101613503,-3.86944987564059506,5.00008178710937478,-0.00300785247896435048
4/23/2014 2:54:06.575 PM,110,3316.91642974750357,3320.89236270730089,3321.25836017292795,3319.32783247554743,3318.31030893041088,3319.88091232714396,3319.97313762415478,3319.9732184702002,3320.70819823182455,3317.1956681398633,3318.77350600106092,3318.0323116579384,3319.32783254315472,3318.5882814365741,3318.86587577243426,3318.77331594440283,3317.47499564369263,3321.07529920424485,3320.24922627598107,3319.14316643788242,3320.24911104424109,3319.05078370537194,3320.43269071138502,3320.34102398671257,3321.25836017292795,3320.15715899348106,3320.70858602054067,3319.88108567363042,3319.97299619214027,3319.42010098604078,3318.58832759335791,3319.69675466546323,3320.25265953216921,3320.43650083970351,3320.34455078985684,3320.8954786620452,3321.26228469041734,3320.25276046879435,3320.43655266893438,3321.26197515776311,3318.77711060979709,3320.52831382650174,3321.81062611289508,3320.80344621023277,3320.52845770233625,3319.70032927987949,17.7459658360454746,17.7092601074369291,17.3667476154181237,17.8179186198334243,18.7663179878798196,17.5033118769451725,17.323553681311278,17.5950344489408295,16.1811266306337131,16.2322304430647968,16.1457571015154606,16.453867941343681,16.4064222598868312,16.3937023762457592,16.4084078800245123,16.6965697148160217,17.3993392287529396,17.3739954387318427,17.1814745580065988,17.2456788631045015,17.278388669114392,17.2109420446046819,17.2070192519380605,17.2843507842837347,3321.28898867233147,3321.74590381692314,3320.64746397397766,3322.29347494005969,3320.37185262945922,3320.46373061209715,5.00043335976624448,4.99987082841716201,0.605174269174882484,-5.00016405096516614,4.99982397048368288,4.99982397873487372,-0.00248104569833667958,-0.00234691176930168629,-0.00247350461740394097,-0.00241218742919424058,-0.00288162231445312491,-0.00220870700497621244,-0.00277475628427252454,-0.00267398889518302967,-0.00268244325506895344,-0.00264221102239791273,-0.00251387280047194166,-0.00270471898414732315,-0.00266156274903511098,-0.00275983395706048702,-0.00239903008740343857,-0.00260024996874780269,-0.00305200292403372134,-0.00293981336781815776,-0.00239890653811294843,-0.00231812263627555193,-0.00294431339211075277,-0.00264779356334320266,-0.00244273388911460474,-0.00242246831734225111,-4.8024670448506539,5.00029275891706071,-5.00091408392384196,-5.00065637306995114,4.99991771110885352,0.0000308658107199800034,0.0000584469879670999107,0.0000472299804229578846,0.0000652862207476723097,0.000014296034972493978,-0.00000586535476350401437,0.000061729921179090491,-0.0000321602819114015075,0.0000268486783766680155,-0.0000208651033693648673,-5.00063279766880519,-5.00154709255989171,5.00055064035444196,4.99935526994195722,4.99961300082820248,5.00076156385513926,5.00005834824183814,4.99954267101613503,-3.86814866710349525,5.00008178710937478,-0.00297382458182613666
4/23/2014 2:54:07.575 PM,111,3316.9170523898797,3320.8929741938723,3321.25897061336763,3319.32844839702511,3318.31092770457007,3319.88152668762859,3319.97375172362626,3319.97383256944294,3320.70881024354275,3317.19629001093608,3318.77412347967856,3318.032931207209,3319.32844846463194,3318.58889943386702,3318.86649299208875,3318.77393342355299,3317.47561674140797,3321.07591016834248,3320.24983959284009,3319.14378287891577,3320.24972436142707,3319.051400406016,3320.43330350716041,3320.34163704294633,3321.25897061336763,3320.15777257152422,3320.7091980311543,3319.88170003362438,3319.97361029201192,3319.42071664761579,3318.58894559052168,3319.69736954652762,3320.25332562762514,3320.43716636803355,3320.34521660195287,3320.89614277056398,3321.26294766019555,3320.25342656393922,3320.43721819710481,3321.26263812850356,3318.77778122492009,3320.52897907126544,3321.81128737358858,3320.80411060389724,3320.5291229466552,3319.70099707382405,17.7507133223942617,17.7117271008073018,17.3727156563076974,17.8190155188182508,17.8672518357719348,17.5137678964493517,17.3405526160721273,17.600541998738457,16.1979073708144945,16.2634102748547029,16.173817120514169,16.4837438309944701,16.4286183146401932,16.4040930988946378,16.4238279030850158,16.6970579412548403,17.415156717773268,17.3879098806728507,17.1991242999539189,17.2612688842552195,17.3159800401686112,17.2247083782174712,17.2294590896682962,17.2985689401919345,3321.2888846173596,3321.74579998548051,3320.64735960665348,3322.29337137767106,3320.37174812847251,3320.46362615563293,5.00043335976624448,4.99987082841716201,0.60558288039232544,-5.00016405096516614,4.99982397048368288,4.99982397873487372,-0.00248531825941232997,-0.00233806125677766142,-0.00248800114653811898,-0.00242714209397535807,-0.00289154052734375,-0.00221465751431539938,-0.00277262035416894499,-0.00268680778020861846,-0.00269465171699808563,-0.00263397146941868549,-0.00251814586230876244,-0.00270807615379206395,-0.00265667970764254559,-0.00278562251941497259,-0.00238987674474915469,-0.00258178553570172914,-0.00304727236680704151,-0.00292913046281030511,-0.00236090859103978536,-0.00230698163132149817,-0.00293775195903028981,-0.00263833377926552025,-0.0024395292429759039,-0.00240217222513048126,-4.80157365478321019,5.00029275891706071,-5.00091408392384196,-5.00065637306995114,4.99991771110885352,0.0000335478695446587798,0.000058218149038461535,0.0000463858792280158705,0.0000653136814191089132,0.0000168005501203388208,-0.00000664791054859570733,0.0000568158232731676871,-0.0000325648041587207348,0.0000390866096401449982,-0.0000216537609539504534,-5.00063279766880519,-5.00154709255989171,5.00055064035444196,4.99935526994195722,4.99961300082820248,5.00076156385513926,5.00005834824183814,4.99954267101613503,-3.86737935502046781,5.00008178710937478,-0.00303226711368235168
4/23/2014 2:54:08.575 PM,112,3316.9167874357704,3320.89271398692199,3321.25871085158087,3319.32818630287784,3318.31066439651294,3319.88126525773441,3319.97349040480185,3319.97357125071585,3320.7085498131255,3317.19602538504114,3318.7738607229171,3318.03266756931725,3319.32818637048421,3318.58863645639212,3318.8662303455244,3318.77367066656506,3317.47535244460186,3321.07565018372179,3320.24957860704262,3319.14352056368034,3320.24946337549045,3319.05113798030788,3320.43304274310094,3320.34137616805355,3321.25871085158087,3320.15751147458422,3320.70893760120679,3319.88143860393893,3319.97334897301743,3319.42045466406534,3318.58868261310181,3319.69710789510963,3320.25419416590739,3320.43803416683795,3320.34608477076062,3320.89700871806871,3321.26381212289061,3320.25429510181538,3320.43808599570047,3321.26350259245373,3318.77865565641786,3320.52984650032522,3321.81214960780062,3320.80497692320523,3320.52999037513518,3319.70186782677365,17.7553284400777898,17.7179420575762911,17.3789312961771927,17.8259892551223196,19.0035224848643622,17.5314714018382851,17.3494298445957327,17.6131414334475735,16.2246805275587924,16.2794543720572164,16.1852166979833178,16.4882871635937604,16.4378855946484776,16.4080286811108635,16.4336301202865655,16.7109671978569238,17.4406553138033189,17.4194966625856686,17.2211290387287334,17.289584941738525,17.3322736638686905,17.2403174960360097,17.2503923362108118,17.313488140977153,3321.28978210267359,3321.74669554299953,3320.6482597858062,3322.29426461477533,3320.37264946037657,3320.46452710355879,5.00043335976624448,4.99987082841716201,0.605637504296673623,-5.00016405096516614,4.99982397048368288,4.99982397873487372,-0.00247662054579404203,-0.00234569100895354495,-0.00247594613810022367,-0.002411424436093163,-0.00288024902343749986,-0.0022041296900999147,-0.00277582424932431389,-0.00268345045317810701,-0.0026816802261983826,-0.00263137753607337347,-0.00250410580198777997,-0.00271723207100499267,-0.00265759527790365149,-0.00277417789115114773,-0.00238285918204753696,-0.00258514270534646994,-0.00306573679985311506,-0.00291890539658850277,-0.00238227289863112172,-0.00227935804369569332,-0.00293286903208668948,-0.00264382655711707789,-0.00244731195502703378,-0.0024058346778604244,-4.80020311840603941,5.00029275891706071,-5.00091408392384196,-5.00065637306995114,4.99991771110885352,0.0000344576629763654083,0.0000582608656384740292,0.0000455753589124386385,0.0000653731795405548941,0.0000190700285023286291,-0.00000656858715517510732,0.0000594788980700109444,-0.0000321266989323787806,0.0000428831149996874826,-0.0000218474930878815331,-5.00063279766880519,-5.00154709255989171,5.00055064035444196,4.99935526994195722,4.99961300082820248,5.00076156385513926,5.00005834824183814,4.99954267101613503,-3.86685737631439163,5.00008178710937478,-0.00297184089275529884
4/23/2014 2:54:09.575 PM,113,3316.91733058998761,3320.89324740930806,3321.25924336136768,3319.32872359407974,3318.3112041762688,3319.88180118719492,3319.97402610656627,3319.97410695228063,3320.70908369362632,3317.19656786640735,3318.77439937249937,3318.03320802524513,3319.32872366168612,3318.58917555844345,3318.86676876919864,3318.77420931661163,3317.47589425132491,3321.07618315032505,3320.25011362609029,3319.14405830811983,3320.2499983948237,3319.0516759512202,3320.43357730757861,3320.34191095974347,3321.25924336136768,3320.1580467214776,3320.70947148074401,3319.88197453297198,3319.9738846751311,3319.42099172853932,3318.58922171504082,3319.69764427870131,3320.25356725037545,3320.43740778506116,3320.34545812191527,3320.8963836725602,3321.26318814911792,3320.2536681865763,3320.43745961407421,3321.26287861777518,3318.77802448716147,3320.5292203854301,3321.81152724254798,3320.80435160932938,3320.52936426065844,3319.70123931269381,17.7497013545423456,17.7168781911620918,17.3863910059333619,17.8295661292951024,20.1296373492432643,17.525842317918336,17.3523221312616798,17.6115454604970303,16.2182869334433306,16.2832629920380327,16.202278189396381,16.498413669143126,16.441999840533569,16.4197596428337675,16.4343170867531434,16.7252066160864352,17.4556686506056771,17.4404454664515178,17.2448257044845512,17.3086326031232396,17.3413526504357271,17.2656117630761621,17.2665482551534701,17.3297942483265963,3321.29007475978642,3321.74698757146825,3320.64855332136539,3322.29455588656947,3320.37294337184175,3320.4648208898111,5.00043335976624448,4.99987082841716201,0.60533966669531114,-5.00016405096516614,4.99982397048368288,4.99982397873487372,-0.00247784127752994233,-0.00234172353782208546,-0.00247411499757801143,-0.00242180114226781592,-0.00287582397460937498,-0.0022218286409549327,-0.00276651769673014756,-0.00268924947259444481,-0.00269327826503105864,-0.00264297394397006343,-0.00250685277031145043,-0.00270441378690689221,-0.00266095236886104009,-0.00276135990749566381,-0.00240223375733243779,-0.00260009737012758743,-0.00305597048815932403,-0.00293691372217316912,-0.00235846695588648936,-0.00229263567973682575,-0.0029479755873184528,-0.00262612760626205989,-0.00244425991108541442,-0.00240781850642247724,-4.79941443798941858,5.00029275891706071,-5.00091408392384196,-5.00065637306995114,4.99991771110885352,0.0000309054996951886794,0.0000580427058598387771,0.000032736778169839621,0.000065487599004874082,0.0000123150108031444337,-0.0000100435619669467967,0.000020949013029379593,-0.0000357292366820895999,0.000034783496652239126,-0.0000221556339623230985,-5.00063279766880519,-5.00154709255989171,5.00055064035444196,4.99935526994195722,4.99961300082820248,5.00076156385513926,5.00005834824183814,4.99954267101613503,-3.86644586606291884,5.00008178710937478,-0.00298206452104346183
4/23/2014 2:54:10.575 PM,114,3316.91731071923777,3320.89322789466814,3321.25922388012168,3319.32870393787106,3318.31118442899833,3319.88178158081564,3319.97400650851886,3319.97408735424051,3320.70906416222305,3317.19654802027889,3318.77437966658453,3318.03318825323231,3319.32870400547744,3318.58915583597217,3318.8667490715502,3318.77418961067996,3317.47587442988333,3321.07616365236299,3320.25009405302535,3319.14403863532606,3320.24997882174784,3319.05165627013957,3320.43355775114696,3320.34189139499767,3321.25922388012168,3320.15802714007486,3320.70945194937576,3319.88195492660816,3319.97386507707051,3319.42097208062705,3318.58920199257318,3319.6976246557042,3320.25431823840836,3320.43815813367882,3320.34620879046906,3320.8971324203876,3321.26393561305303,3320.2544191742586,3320.43820996251133,3321.26362608279532,3318.77878057096904,3320.52997041433536,3321.81227277954712,3320.80510067864906,3320.53011428906302,3319.70199221571692,17.7449376779147911,17.722689082278471,17.3896151001799879,17.8297460241477275,20.2979016952119124,17.5304353946700608,17.3534151906364258,17.603816714100752,16.2226544347933519,16.2849663239319682,16.2137302484413972,16.5178543003587848,16.4411897220471133,16.4263374771980537,16.4482091624069362,16.7275947288044762,17.4667159445519822,17.4629840730671759,17.2653926540569031,17.308493336289839,17.3553712691733075,17.2822951244191891,17.2874140740326858,17.3288935655616676,3321.29017881679874,3321.74709140497816,3320.64865769069365,3322.29465945105721,3320.37304787481662,3320.46492534826848,5.00043335976624448,4.99987082841716201,0.606167874943362106,-5.00016405096516614,4.99982397048368288,4.99982397873487372,-0.00248028274100174206,-0.00234340208330077998,-0.002479761014188165,-0.00242592130501363386,-0.00288604736328124979,-0.00221358947417759668,-0.00276682282960208749,-0.00269596412665546771,-0.00267755987029730074,-0.00262237506152199554,-0.0025111258321482712,-0.00270441378690689221,-0.00265667970764254559,-0.00278546992437145487,-0.0023872832976637743,-0.00259429862255939909,-0.00305780167160190969,-0.00293004614038240661,-0.00238105208105447415,-0.00231217059253297505,-0.00294614448971460257,-0.00263696058480263106,-0.0024357141880488797,-0.00240919192619620587,-4.79885944631246186,5.00029275891706071,-5.00091408392384196,-5.00065637306995114,4.99991771110885352,0.0000241736389001782058,0.0000585522538742735708,0.0000379921857904279488,0.0000656172743977691606,0.0000192424905448066723,-0.0000075586041230591396,0.0000899463050867323081,-0.000029786575894113236,0.0000286691088002750022,-0.000020746118279233966,-5.00063279766880519,-5.00154709255989171,5.00055064035444196,4.99935526994195722,4.99961300082820248,5.00076156385513926,5.00005834824183814,4.99954267101613503,-3.86663491359780043,5.00008178710937478,-0.00298053860637358678
4/23/2014 2:54:11.575 PM,115,3316.91774126733253,3320.89365072841792,3321.25964599046165,3319.3291298384006,3318.31161230218413,3319.8822064019032,3319.97443114911402,3319.97451199467741,3320.70948735911679,3317.19697803501003,3318.77480664389122,3318.03361666241471,3319.32912990600698,3318.58958317194719,3318.86717586978102,3318.774616588355,3317.47630390983022,3321.07658612481736,3320.25051815243614,3319.14446489513284,3320.2504029213851,3319.05208270947014,3320.43398149022368,3320.3423153141839,3321.25964599046165,3320.1584514200972,3320.70987514550597,3319.88237974735693,3319.97428971794261,3319.42139780143134,3318.58962932845952,3319.69804983677841,3320.25478189366003,3320.43862139416933,3320.34667224848135,3320.89759469258433,3321.26439709260194,3320.25488282929382,3320.43867322289043,3321.26408756301452,3318.77924737224202,3320.53043347744233,3321.8127330694474,3320.80556314932846,3320.5305773518603,3319.70245705324168,17.7456349402656102,17.7217122294340292,17.3922150944226779,17.8258027893601394,20.9611630664807826,17.536458882007679,17.3547209764962531,17.6051982252993682,16.2414710012554195,16.3020373225028834,16.2237196805590855,16.5334734997081334,16.4542262643672821,16.4414305055083218,16.465361671040089,16.72951044673664,17.4646948799766655,17.4748891876047239,17.2811078744208757,17.3423179049904057,17.3663657603053245,17.2925291649936881,17.2835664062650025,17.3413312732643696,3321.29093322435255,3321.74784419206116,3320.64941436264098,3322.29541028764106,3320.37380551574551,3320.46568266643271,5.00043335976624448,4.99987082841716201,0.607067490976985424,-5.00016405096516614,4.99982397048368288,4.99982397873487372,-0.00248623380821425509,-0.00235423633139053394,-0.00248510184071128355,-0.00241646019056027421,-0.00289093017578124969,-0.00221389462850268316,-0.00277582424932431389,-0.00267551495292417093,-0.00268686882251826381,-0.00264556787731537544,-0.00251280453501273636,-0.00271265411239852809,-0.00266049458373048735,-0.00276563256871415831,-0.00238423218344567967,-0.00259002586119336546,-0.00306329522192966709,-0.00292745172059478498,-0.0023799838656749072,-0.00233460521894730301,-0.0029337845808886146,-0.00264077501386621259,-0.00243388296168390791,-0.00240186702073631915,-4.79763696877100276,5.00029275891706071,-5.00091408392384196,-5.00065637306995114,4.99991771110885352,0.0000272647994693156679,0.0000704915435777666607,0.0000387187539075932254,0.0000655776089834718445,0.0000202375812677773221,-0.00000738165193773626182,0.0000810612498046569831,-0.000029820158873135963,0.0000251777887590237154,-0.0000207293383306257607,-5.00063279766880519,-5.00154709255989171,5.00055064035444196,4.99935526994195722,4.99961300082820248,5.00076156385513926,5.00005834824183814,4.99954267101613503,-3.86689246988422441,5.00008178710937478,-0.00300403769228966286
4/23/2014 2:54:12.575 PM,116,3316.91816519303711,3320.89406705858891,3321.26006160836414,3319.32954918811856,3318.31203359417759,3319.8826246888052,3319.97484925830212,3319.97493010370999,3320.70990404683925,3317.197401435566,3318.77522705380306,3318.03403848214975,3319.32954925572494,3318.590003935004,3318.86759610337503,3318.77503699862927,3317.47672678383833,3321.07700209925769,3320.2509357287754,3319.14488459859558,3320.25082049794718,3319.05250258969135,3320.43439871177815,3320.34273271307438,3321.26006160836414,3320.15886917426632,3320.71029183247583,3319.8827980339247,3319.97470782740356,3319.42181697419209,3318.59005009142811,3319.69846847812186,3320.25526513887143,3320.43910422793396,3320.34715528811648,3320.89807649628346,3321.26487807015155,3320.2553660742792,3320.4391560565391,3321.26456854126217,3318.77973389644648,3320.53091610548108,3321.81321280706561,3320.80604515989989,3320.53105997957664,3319.70294153069699,17.7503035183185354,17.728894481243362,17.3917114430321753,17.8268209220295795,20.3175240882213011,17.5466834359452584,17.3607609210586275,17.6100185354828582,16.2520819317201024,16.3220946304301258,16.2337257370890207,16.5268793859263567,16.4676598019437215,16.4458770699133474,16.4802449475458985,16.742482857044255,17.4674095276469785,17.473951046195932,17.2908270684709961,17.3314098113476191,17.3892521705493053,17.298822299412798,17.2903145803679727,17.3573629636982218,3321.29072511179129,3321.74763652652473,3320.64920562542192,3322.29520316017124,3320.37359651122233,3320.46547375094769,5.00043335976624448,4.99987082841716201,0.607724198475071531,-5.00016405096516614,4.99982397048368288,4.99982397873487372,-0.0024860812167472675,-0.00234523322382299178,-0.00247533575792615278,-0.00242805768569665089,-0.00289489746093749998,-0.00221069050808927504,-0.00277490885070849451,-0.00269306461694729859,-0.00268000156268312709,-0.00263366630078982512,-0.00251646715944429727,-0.00271723207100499267,-0.00265866344320827511,-0.00277707719697798316,-0.0023872832976637743,-0.00258880507223164169,-0.00305948025642428009,-0.00292256810687690962,-0.00237830524150701647,-0.00230667639830905817,-0.00293897269076618967,-0.0026448945972548806,-0.00244059745835547085,-0.00241483820748820228,-4.7958753739019837,5.00029275891706071,-5.00091408392384196,-5.00065637306995114,4.99991771110885352,0.0000402003523892518946,0.000101227662879616308,0.0000375541079550783009,0.0000654265752905705187,0.0000167990239075735252,-0.00000767453831344309345,0.0000603701506094702346,-0.0000320641124714727852,0.0000287240421575674199,-0.000021225109539504516,-5.00063279766880519,-5.00154709255989171,5.00055064035444196,4.99935526994195722,4.99961300082820248,5.00076156385513926,5.00005834824183814,4.99954267101613503,-3.86656304807001261,5.00008178710937478,-0.00298496375891622477
4/23/2014 2:54:13.575 PM,117,3316.91876796132874,3320.89465902688425,3321.26065256389392,3319.33014544987099,3318.31263261762706,3319.88321943935125,3319.97544375616053,3319.97552460134647,3320.71049652353258,3317.1980034571543,3318.77582482303159,3318.03463825598828,3319.33014551747737,3318.59060220636456,3318.86819362189999,3318.77563476837349,3317.47732805673513,3321.07759356174347,3320.25152946898242,3319.14548136333269,3320.25141423847071,3319.05309960575914,3320.43499194752075,3320.34332620096847,3321.26065256389392,3320.15946316732652,3320.71088430809914,3319.88339278399598,3319.97530232564986,3319.422412984331,3318.59064836266361,3319.69906373264484,3320.25545451941025,3320.43929344723346,3320.34734458809316,3320.89826531191602,3321.26506656202855,3320.25555545472934,3320.43934527579313,3321.26475703341293,3318.77992456197171,3320.53110524415979,3321.81340081303324,3320.80623405660208,3320.53124911812847,3319.70313139413338,17.7493229462377044,17.7326314610226845,17.4055707018682533,17.8381637742876933,21.0017087296366327,17.5579522927407936,17.3814636754695968,17.6151981488060372,16.25901783311933,16.3437298675929661,16.2416544497828852,16.5426465451510687,16.4676681914866556,16.4494651264842169,16.4885565213133311,16.7649518968797579,17.4767428516750023,17.4890676662654911,17.2875262648915928,17.335796696310517,17.4020122431580297,17.3038191283780698,17.2991157653620888,17.3578682986173902,3321.29140798070011,3321.74831792862778,3320.64989054399666,3322.29588279673635,3320.37428230689283,3320.4661592544603,5.00043335976624448,4.99987082841716201,0.607930029891176948,-5.00016405096516614,4.99982397048368288,4.99982397873487372,-0.00248898045462003,-0.00234645398417113313,-0.00248449146053721266,-0.00242744729121578901,-0.00288894653320312476,-0.0022232018354178219,-0.00279169115866518798,-0.00268833383794976014,-0.00269816164980271134,-0.00266509866956243227,-0.00252669198598240398,-0.00271067033033572718,-0.00267361775747300629,-0.00277906093254371312,-0.00239780964171620046,-0.00260223375081060403,-0.00307306153362345812,-0.00294271301346314641,-0.00240241638864581051,-0.00232056450037507059,-0.00295316369719602788,-0.00263680800764008782,-0.00244685414843579105,-0.00241575382067068818,-4.79447446256779574,5.00029275891706071,-5.00091408392384196,-5.00065637306995114,4.99991771110885352,0.000041484138087347998,0.00010708136267418608,0.0000422829063310825509,0.000065016190811879022,0.00000276854995624042416,-0.0000136146401207472905,-0.0000431128154789810916,-0.0000396172297534936116,0.0000265587523242913777,-0.0000237314236816207932,-5.00063279766880519,-5.00154709255989171,5.00055064035444196,4.99935526994195722,4.99961300082820248,5.00076156385513926,5.00005834824183814,4.99954267101613503,-3.86773090104174821,5.00008178710937478,-0.00298038601490659919
4/23/2014 2:54:14.575 PM,118,3316.91909253047697,3320.89497778079567,3321.26097077248368,3319.33046651558606,3318.31295517037233,3319.88353969136051,3319.97576387211029,3319.97584471717709,3320.71081555118962,3317.19832762424175,3318.77614670044386,3318.0349612127793,3319.33046658319199,3318.59092435414913,3318.86851536432141,3318.77595664606315,3317.47765182069088,3321.0779120433026,3320.25184917697606,3319.14580269987891,3320.25173394663443,3319.05342107763408,3320.43531138388652,3320.34364577310498,3321.26097077248368,3320.15978301146879,3320.71120333518047,3319.88371303574968,3319.97562244180835,3319.42273391456547,3318.59097051038088,3319.69938425601913,3320.25619244772178,3320.44003074725424,3320.34808220248442,3320.89900103899708,3321.26580102755451,3320.25629338269618,3320.44008257563655,3321.26549150000528,3318.78066749740128,3320.53184223003063,3321.81413338514858,3320.80697009958248,3320.53198610350728,3319.7038712041176,17.7589992885924204,17.7480955152953648,17.4158613857448614,17.8525578799482218,21.4181918378841409,17.5778272442269916,17.3916754447362436,17.6319451766407056,16.24814833512389,16.3259271540019313,16.2534758797601668,16.5396942166511991,16.4656284884150246,16.4516143963992363,16.4819456983788406,16.7543093348194603,17.4896097040101104,17.4909759382456542,17.2919470914640314,17.3466094428010393,17.4160233428035731,17.3130356571503405,17.3001110254950632,17.3571895367065281,3321.29177217556934,3321.74868134117696,3320.65025583205579,3322.29624526763564,3320.37464806275102,3320.46652485449612,5.00043335976624448,4.99987082841716201,0.608148067766354772,-5.00016405096516614,4.99982397048368288,4.99982397873487372,-0.00249157450955881776,-0.00236110310834882885,-0.00249044266723440167,-0.00242927847465837466,-0.00289215087890624988,-0.00221770905756626469,-0.00278757186489399971,-0.002692454193850842,-0.00269297305348283013,-0.00263931192042374035,-0.00252501328311793881,-0.00271295930963895904,-0.00267224440208134765,-0.00277524605645577136,-0.00240147097877791392,-0.0025941460239391834,-0.00305749647436147874,-0.00292943568866767213,-0.00235938256906897525,-0.00232865317520472613,-0.00295301110572904072,-0.00264260593981673151,-0.00244624373964746726,-0.00241254917453198733,-4.79292778196752067,5.00029275891706071,-5.00091408392384196,-5.00065637306995114,4.99991771110885352,0.0000441188754415856519,0.000102107929958445283,0.0000430232120807152378,0.0000649261808332812595,-0.00000482741097661988809,-0.0000220946159673841737,-0.000137674099468666983,-0.0000477259926884359296,0.0000290826349065595748,-0.0000262880776695616863,-5.00063279766880519,-5.00154709255989171,5.00055064035444196,4.99935526994195722,4.99961300082820248,5.00076156385513926,5.00005834824183814,4.99954267101613503,-3.8692390090601223,5.00008178710937478,-0.00301944943045540136
4/23/2014 2:54:15.575 PM,119,3316.91935085789919,3320.89523147948057,3321.26122403711042,3319.33072205439066,3318.31321189280379,3319.88379458248164,3319.97601865493288,3319.97609949990419,3320.71106946776717,3317.19858563163688,3318.77640288533257,3318.03521825681809,3319.33072212199658,3318.59118075424567,3318.86877144176151,3318.77621283117332,3317.47790950720627,3321.07816552520398,3320.25210363507903,3319.14605845425558,3320.25198840487337,3319.05367693972812,3320.43556562578305,3320.34390012306994,3321.26122403711042,3320.16003757794169,3320.71145725129963,3319.88396792666708,3319.97587722479693,3319.42298934553127,3318.59122691042375,3319.69963936313797,3320.25667569110828,3320.44051357918579,3320.34856524029055,3320.89948284084221,3321.26628200323284,3320.25677662585712,3320.44056540745214,3321.26597247638164,3318.78115401984814,3320.53232485623175,3321.81461312087003,3320.80745210830355,3320.53246872938598,3319.70435567977301,17.7762931280210203,17.7642566142048679,17.429893300485471,17.8763963069635707,21.2795045154679592,17.6028115336019688,17.4200822629727625,17.665509995027957,16.2520606349471279,16.3384452967725338,16.2554853438509248,16.553883320251149,16.4682470195275385,16.4583459311909621,16.4802990252958921,16.7552522183767003,17.4967139418555106,17.50028666362984,17.3102436312488663,17.3452663677335153,17.4139944335578143,17.3231101258657887,17.3076720384651814,17.3681741100786873,3321.29242902890382,3321.74933678356455,3320.65091465700152,3322.29689901172014,3320.37530773139087,3320.46718424210394,5.00043335976624448,4.99987082841716201,0.608806148491086385,-5.00016405096516614,4.99982397048368288,4.99982397873487372,-0.00248104569833667958,-0.00234691176930168629,-0.00248113436957982407,-0.00241859657124329081,-0.00288650512695312481,-0.00222426987555562504,-0.00278436796973863081,-0.00269794800171895173,-0.00268717403406649232,-0.00263702315570728827,-0.00251402540982325652,-0.00271067033033572718,-0.002667819145819335,-0.00277646681680391271,-0.00239887753169253353,-0.00260086036322866457,-0.00308237004945660295,-0.002933403624813446,-0.00237265896021502049,-0.00229507754383634442,-0.00294110897130401509,-0.00264184305400401529,-0.00244319169570584747,-0.00239530512626183727,-4.79182604106425547,5.00029275891706071,-5.00091408392384196,-5.00065637306995114,4.99991771110885352,0.0000485167191945165368,0.0000939612640989189396,0.000044372552869736464,0.0000648651571189776827,0.00000897565727268464605,-0.0000211884987425411604,-0.0000694780190264103856,-0.0000437006147028480357,0.0000284829457561173751,-0.0000257114576173888594,-5.00063279766880519,-5.00154709255989171,5.00055064035444196,4.99935526994195722,4.99961300082820248,5.00076156385513926,5.00005834824183814,4.99954267101613503,-3.86935527558278513,5.00008178710937478,-0.00299030446026078744
4/23/2014 2:54:16.575 PM,120,3316.91929124424541,3320.89517293403014,3321.26116559183037,3319.33066308428397,3318.313152649544,3319.88373576184494,3319.9759598592891,3319.97604070428269,3320.71101087203214,3317.19852609183772,3318.77634376612513,3318.03515893933854,3319.33066315188989,3318.591121585373,3318.86871234735053,3318.7761537119145,3317.47785004145862,3321.07810702978213,3320.25204491437261,3319.14599943439998,3320.25192968413557,3319.05361789501375,3320.43550695497197,3320.3438414273196,3321.26116559183037,3320.15997883222598,3320.71139865567056,3319.88390910607768,3319.97581842911449,3319.42293040031108,3318.59116774156336,3319.69958049265415,3320.2568062966975,3320.44064407356745,3320.34869579031601,3320.89961305681345,3321.26641199590903,3320.25690723138541,3320.44069590180288,3321.26610246924656,3318.78128551169675,3320.53245529500918,3321.81474277841289,3320.80758238018961,3320.5325991680761,3319.70448661841828,17.7868993557794432,17.7894020713552905,17.4514643026827372,17.8917967921251524,19.1374422754557045,17.6215623912166137,17.4392128323687068,17.698470868662806,16.2458528327010327,16.3400792077699179,16.2500363709890827,16.5626726150899444,16.4688147605328083,16.4586851843698625,16.4806380748530756,16.7450845198944123,17.5001330120458682,17.506369158731502,17.3157191414434628,17.359873004302667,17.4235035865355172,17.3239421789555621,17.3078951725745504,17.371821461680522,3321.29278021535947,3321.74968721562072,3320.65126689763019,3322.29724853573452,3320.375660423123,3320.46753678357481,5.00043335976624448,4.99987082841716201,0.60866806292283171,-5.00016405096516614,4.99982397048368288,4.99982397873487372,-0.00245830956975554103,-0.00232203877720830662,-0.00246511189001046927,-0.00239692756717269214,-0.00286346435546874995,-0.00220962246795147191,-0.00275904194136762041,-0.0026776514337617692,-0.00267023479313982124,-0.00262176472426427524,-0.00250120622431279421,-0.00270014102554085858,-0.00264782919511852115,-0.0027638014281919465,-0.00238026573496215657,-0.00257369780883030851,-0.0030512399309326442,-0.00291921062244587023,-0.00236396063498140472,-0.00227722141260861422,-0.00292752833074212682,-0.00262734822356240584,-0.00243601939244304181,-0.00239973058997718569,-4.78931804649767834,5.00029275891706071,-5.00091408392384196,-5.00065637306995114,4.99991771110885352,0.0000439524870455185012,0.0000921824228269699356,0.0000344738254751633287,0.0000653441932762606948,0.00000741586782655580564,-0.000020463910052641444,-0.0000335547424402250395,-0.0000403743732805514783,0.0000256386185896434207,-0.0000248312730403948895,-5.00063279766880519,-5.00154709255989171,5.00055064035444196,4.99935526994195722,4.99961300082820248,5.00076156385513926,5.00005834824183814,4.99954267101613503,-3.86939784560879962,5.00008178710937478,-0.0029755030879629993
4/23/2014 2:54:17.575 PM,121,3316.91998674415754,3320.89585597223003,3321.26184746143781,3319.33135107654334,3318.3138438284227,3319.8844220103806,3319.97664581625713,3319.97672666099515,3320.71169449685339,3317.19922073015732,3318.77703349780495,3318.03585098406392,3319.33135114414926,3318.59181189644459,3318.86940178975282,3318.77684344418958,3317.47854381589104,3321.07878948434745,3320.25272999711523,3319.14668800703475,3320.25261476724335,3319.05430675765001,3320.43619145563207,3320.34452621892751,3321.26184746143781,3320.16066420672723,3320.71208227925717,3319.88459535406536,3319.97650438652999,3319.42361810224338,3318.5918580524908,3319.70026732270935,3320.25727647894018,3320.44111385547376,3320.34916577253352,3320.9000818364675,3321.26687997171984,3320.2573774134089,3320.44116568359595,3321.26657044573676,3318.78175888439591,3320.53292487674389,3321.81520954777215,3320.80805136112894,3320.53306874949703,3319.70495799963328,17.8028889953241318,17.800605586848981,17.4798680142959348,17.9125811396178918,18.8910954050291266,17.6569579882287826,17.470042206446557,17.7364329978285404,16.2458710920166176,16.3400973386742976,16.2581272780692885,16.5553066284444021,16.4768297438027176,16.4626636869382352,16.4766188066322137,16.759568478678247,17.5117088763965896,17.5117046230255227,17.3260805113081169,17.3680249078523161,17.4236646689342045,17.3308015293122608,17.3088171792239045,17.3668077970390158,3321.29332651098093,3321.75023233780439,3320.65181483297601,3322.2977922454952,3320.37620906014126,3320.46808518686839,5.00043335976624448,4.99987082841716201,0.607934454732590668,-5.00016405096516614,4.99982397048368288,4.99982397873487372,-0.00249172710102580535,-0.00234279170312670908,-0.00248464405558073039,-0.00243187265120203789,-0.00289108276367187498,-0.0022276265731315764,-0.00277460371783655457,-0.00270023708833066383,-0.00268778445716294891,-0.00262756292821262,-0.00251646715944429727,-0.00270807615379206395,-0.00266675098051471138,-0.00279187891619919705,-0.00239582641747443891,-0.00258636349430819371,-0.00307260373776281192,-0.00292852001109557064,-0.00236655487233178134,-0.00233750493256548123,-0.00293683641022836469,-0.00265023479794389456,-0.00244761715942119588,-0.00241850066021814542,-4.7861181439906062,5.00029275891706071,-5.00091408392384196,-5.00065637306995114,4.99991771110885352,0.0000397988831400256419,0.0000898757264262950554,0.0000396803881803119702,0.0000650604330047490986,0.0000141571496108523698,-0.0000218657984863632092,-0.0000541863230582903573,-0.0000421725891573139134,0.0000276345305712678457,-0.0000248831383360929729,-5.00063279766880519,-5.00154709255989171,5.00055064035444196,4.99935526994195722,4.99961300082820248,5.00076156385513926,5.00005834824183814,4.99954267101613503,-3.87011573798298514,5.00008178710937478,-0.00297580827089697405
4/23/2014 2:54:18.575 PM,122,3316.91990725860068,3320.89577791088231,3321.26176953364438,3319.33127244901197,3318.31376483670237,3319.88434358213362,3319.97656742133267,3319.97664826609934,3320.71161636846227,3317.19914134306873,3318.77695467148078,3318.03577189338875,3319.3312725166179,3318.59173300390375,3318.86932299648879,3318.77676461779719,3317.47846452753356,3321.07871148970116,3320.25265170210286,3319.14660931317394,3320.2525364721896,3319.0542280306463,3320.43611322714423,3320.34444795718809,3321.26176953364438,3320.16058587837051,3320.71200415100747,3319.88451692588114,3319.97642599155415,3319.42353950789265,3318.59177915996633,3319.70018882800241,3320.25778584354975,3320.44162278638714,3320.34967492045007,3320.90058968161338,3321.26738694604091,3320.25788677778018,3320.44167461438701,3321.26707742079406,3318.78227170531408,3320.53343359080645,3321.81571521511159,3320.8085594243339,3320.53357746321944,3319.70546866312179,17.8075036624088234,17.822799409666203,17.4868443056731593,17.9238141076476403,19.0372216299918584,17.6763330818233761,17.4957308691874118,17.7582316265746591,16.2598538832456612,16.354389008783432,16.2542944872106432,16.5370111444340395,16.4800037109936106,16.4665230156773283,16.4841353048341972,16.7538334369236104,17.5141539009153071,17.5180305660075817,17.3280694334055525,17.3685674996077566,17.4271756423950101,17.3340083095040889,17.3012164675112281,17.3767862829166404,3321.29360616077156,3321.7505113868865,3320.65209532217704,3322.29807057152766,3320.37648990854404,3320.46836591562214,5.00043335976624448,4.99987082841716201,0.608703156492664377,-5.00016405096516614,4.99982397048368288,4.99982397873487372,-0.00248913304608701759,-0.00235866158765254616,-0.00249608868384455524,-0.00242027515606566121,-0.0028886413574218746,-0.00221587813161574576,-0.00278833469707384912,-0.00269291201117318477,-0.00269312565925694438,-0.0026234431517230066,-0.00251768803425481743,-0.00271799506410607024,-0.00266736136068878227,-0.00278089207306592493,-0.0023833168491802512,-0.00259262003773702869,-0.0030681783777765626,-0.00292211026809085887,-0.00237281156241210111,-0.00229751940793586308,-0.0029520955569271156,-0.00265542242147036528,-0.00244639634184454788,-0.00241636422945901196,-4.78384154859406951,5.00029275891706071,-5.00091408392384196,-5.00065637306995114,4.99991771110885352,0.0000440959779558883393,0.0000913677562410172986,0.0000454654578526993565,0.0000646058063331875254,0.0000214692349693682937,-0.0000140295624863319691,0.0000805637355446163522,-0.0000326487616062775521,0.0000337824888082439995,-0.0000211503624957043342,-5.00063279766880519,-5.00154709255989171,5.00055064035444196,4.99935526994195722,4.99961300082820248,5.00076156385513926,5.00005834824183814,4.99954267101613503,-3.87097507270167051,5.00008178710937478,-0.00299122000906271255
4/23/2014 2:54:19.575 PM,123,3316.92076172781116,3320.89661706979768,3321.26260725684278,3319.33211769441959,3318.31461399714817,3319.88518668522465,3319.97741016620784,3319.97749101066074,3320.71245624809262,3317.19999475373788,3318.77780205391718,3318.03662211760183,3319.33211776202506,3318.59258109817301,3318.8701700235224,3318.77761200096438,3317.47931687684194,3321.07954993157045,3320.25349337291618,3319.14745527162313,3320.2533781434513,3319.05507434538685,3320.43695418281868,3320.34528927031806,3321.26260725684278,3320.16142790763433,3320.71284402912124,3319.88536002829914,3319.97726873697911,3319.42438439660782,3318.59262725405869,3319.70103264554109,3320.25815807284698,3320.44199469875911,3320.3500469913979,3320.90096080055491,3321.26775742862264,3320.2582590069037,3320.4420465266694,3321.26744790391376,3318.7826464603263,3320.53380534471307,3321.81608474260974,3320.808930702623,3320.53394921687777,3319.70584184158178,17.8139034312507114,17.8373437607362355,17.5007813231498552,17.9198698620399099,17.8602271779927371,17.6742901819585008,17.4937641540840154,17.7644017604627216,16.233220495356754,16.3297270669408299,16.2568952231869126,16.5510297100033625,16.4775776901566786,16.463030748878996,16.484070069575786,16.734277155807284,17.5126997991663202,17.527001840837471,17.3308779198253653,17.3698532870058244,17.425949800520911,17.3341522703172686,17.3077534481296666,17.3683316211709311,3321.29377525174959,3321.750680114651,3320.65226492069814,3322.29823886210533,3320.37665972425338,3320.46853565898663,5.00043335976624448,4.99987082841716201,0.608980090532865614,-5.00016405096516614,4.99982397048368288,4.99982397873487372,-0.0024902011863559303,-0.00235545709173867529,-0.00248693298123349536,-0.00242546350915298767,-0.00289703369140624978,-0.00222015029216695702,-0.00278604620053430003,-0.00268726559753096079,-0.00270487630386373424,-0.00264861956360397822,-0.00252653937663108912,-0.00272119963513059535,-0.00267148142686375904,-0.00277524605645577136,-0.00240406442586329474,-0.00260482792735426726,-0.00306466860951160654,-0.00294500220739340058,-0.00238898739530268465,-0.00229217783021816619,-0.00295880958147456573,-0.00264565748306759682,-0.00245478946268400155,-0.00242185790855392689,-4.78110200221947767,5.00029275891706071,-5.00091408392384196,-5.00065637306995114,4.99991771110885352,0.0000445020267022540504,0.0000938239607417359223,0.0000499988765669448754,0.000064636318190339307,0.0000265072633075985324,-0.00000929456607907151098,0.0000980988240350054686,-0.0000284631012208084532,0.0000313425321885058825,-0.0000211946005420350536,-5.00063279766880519,-5.00154709255989171,5.00055064035444196,4.99935526994195722,4.99961300082820248,5.00076156385513926,5.00005834824183814,4.99954267101613503,-3.87192732909004267,5.00008178710937478,-0.00300800507043133807
4/23/2014 2:54:20.575 PM,124,3316.92097369271732,3320.89682523712326,3321.26281506805116,3319.33232737144453,3318.31482464526334,3319.88539583086776,3319.97761922299832,3319.97770006737346,3320.71266459418484,3317.20020645608247,3318.77801226101291,3318.0368330295746,3319.33232743905,3318.59279148183259,3318.87038014246354,3318.77782220824156,3317.4795283159251,3321.07975792103934,3320.2537021632952,3319.14766512551159,3320.25358693394173,3319.05528428765046,3320.4371627958144,3320.34549797197678,3321.26281506805116,3320.16163678692419,3320.71305237483738,3319.88556917377491,3319.97747779390601,3319.42459398515848,3318.59283763767416,3319.70124196839606,3320.2582821495107,3320.44211866978139,3320.35017101527864,3320.9010845071034,3321.26788092305332,3320.25838308350921,3320.44217049766211,3321.26757139852361,3318.78277137888653,3320.53392926291462,3321.81620791868272,3320.80905446228689,3320.53407313499656,3319.70596623462961,17.8186477005948198,17.8471884189585985,17.5194543855831775,17.9227894595545329,19.3784055469615595,17.6837531213716872,17.5029981369242904,17.7593364740133879,16.2505306627385515,16.3542769612652528,16.2535732506073245,16.5425324729725176,16.4808056612296383,16.467096296085348,16.4939257499167375,16.7443564672483553,17.507021800478249,17.5291619085315808,17.3204023966774159,17.366381774165287,17.4178347266565865,17.3338773566763677,17.3164586717902367,17.3653931999627566,3321.29425650781422,3321.75116033691665,3320.65274762136095,3322.2987178400258,3320.37714304309065,3320.46901877191203,5.00043335976624448,4.99987082841716201,0.607735947191928472,-5.00016405096516614,4.99982397048368288,4.99982397873487372,-0.00248837008875208007,-0.00235332076112942804,-0.0024829655101020363,-0.00242759988983600426,-0.00289550781249999986,-0.00222899976759446603,-0.00278375770399475094,-0.0027023735691682621,-0.00269221002461225928,-0.00264190585376905237,-0.00252394501765873351,-0.00272593019235727518,-0.0026768222533868776,-0.00279462562698251475,-0.00240055564451248588,-0.00259979217288715649,-0.00307687649912884512,-0.00293615065752975092,-0.00239783832273338148,-0.00231049181096455595,-0.0029510274166582029,-0.00265649046160816842,-0.00245158481654530113,-0.0024108705503640966,-4.77793094828967302,5.00029275891706071,-5.00091408392384196,-5.00065637306995114,4.99991771110885352,0.0000482709528480320272,0.0000928948746914640974,0.0000518824586185876279,0.0000645295266903080578,0.0000158604030569186961,-0.0000101900051548002121,0.0000766385616893264596,-0.0000301804126481070456,0.0000295663536360511213,-0.0000215393522134399711,-5.00063279766880519,-5.00154709255989171,5.00055064035444196,4.99935526994195722,4.99961300082820248,5.00076156385513926,5.00005834824183814,4.99954267101613503,-3.87309747077285449,5.00008178710937478,-0.00298481116744923718
4/23/2014 2:54:21.575 PM,125,3316.92133137910786,3320.89717651469845,3321.26316574464226,3319.33268119679633,3318.31518010943045,3319.88574875945551,3319.9779720016395,3319.97805284588275,3320.71301617344806,3317.20056369937265,3318.77836698091414,3318.03718893902987,3319.33268126440134,3318.59314649970383,3318.87073471359508,3318.77817692844882,3317.47988511493486,3321.08010889846264,3320.25405449233903,3319.14801924933863,3320.25393926317338,3319.05563856061962,3320.43751482550442,3320.34585015129596,3321.26316574464226,3320.16198926601328,3320.71340395346578,3319.88592210208116,3319.97783057277683,3319.42494766120034,3318.59319265547128,3319.7015951960484,3320.25917027126797,3320.44300603534611,3320.35105875920999,3320.90196997952171,3321.26876487709932,3320.25927120485175,3320.44305786301311,3321.26845535385291,3318.78366552707075,3320.53481625037739,3321.81708959387242,3320.80994031491263,3320.53496012186633,3319.70685662111554,17.8203888631225382,17.8487019052764246,17.518228616268896,17.9358647016129708,19.4826200156042013,17.686635890710555,17.5068700469502154,17.7695937937173589,16.2491528058081158,16.3223613609771654,16.2585154843205259,16.5535631198484232,16.4831582482316428,16.4656410723247113,16.4920892483134587,16.7512766223215408,17.4986719100109695,17.5249216609100067,17.3273507058035747,17.3686097962047228,17.4330026677871252,17.329635746729501,17.3047598448418753,17.373785125118733,3321.29490685673499,3321.75180928884856,3320.65339992238841,3322.2993651104548,3320.37779617946625,3320.46967163003546,5.00043335976624448,4.99987082841716201,0.607060014520803714,-5.00016405096516614,4.99982397048368288,4.99982397873487372,-0.00248638639968124268,-0.00235988234800068751,-0.00248555962584183629,-0.00242653169949449618,-0.00288757324218749971,-0.0022085544278136692,-0.00277979097665953263,-0.00268619735711216187,-0.00269114178419346036,-0.00264739888908853719,-0.00251936673711928259,-0.00272562499511684424,-0.00266888731112395862,-0.0027746356762817009,-0.00239796219742710549,-0.00259384082669875246,-0.00306497380675203749,-0.00294454436860734983,-0.00239310765462387096,-0.00228561532045070976,-0.00295270592279506554,-0.00265053995226898105,-0.00245097440775697735,-0.00241789025142982164,-4.77417483300184386,5.00029275891706071,-5.00091408392384196,-5.00065637306995114,4.99991771110885352,0.0000468329907462406714,0.0000886628801045116479,0.0000427011409195348268,0.0000647980310332437631,0.0000237142939471134256,-0.00000750673882736105456,0.000101608893967807475,-0.0000287271855558508169,0.0000305673614800462478,-0.0000199376298462932297,-5.00063279766880519,-5.00154709255989171,5.00055064035444196,4.99935526994195722,4.99961300082820248,5.00076156385513926,5.00005834824183814,4.99954267101613503,-3.87451906551255431,5.00008178710937478,-0.00303409821128620191
4/23/2014 2:54:22.575 PM,126,3316.92169568934241,3320.89753429743859,3321.26352291526882,3319.33304157449265,3318.31554215629057,3319.88610822378223,3319.97833131324159,3319.97841215735115,3320.71337426346281,3317.20092755830182,3318.77872826972588,3318.03755143942362,3319.33304164209766,3318.59350809200304,3318.87109585088183,3318.77853821757207,3317.48024852135631,3321.0804663754925,3320.25441334601828,3319.1483799310381,3320.25429811704407,3319.05599939422245,3320.43787337428693,3320.34620885247841,3321.26352291526882,3320.16234827251719,3320.71376204283387,3319.88628156612094,3319.97818988461404,3319.42530788682188,3318.59355424769501,3319.70195496497717,3320.25955555671635,3320.44339099272792,3320.3514438807424,3320.90235411558069,3321.26914835442812,3320.25965649012005,3320.44344282030215,3321.26883883173832,3318.78405342702353,3320.53520104372319,3321.81747208254273,3320.81032461592121,3320.5353449149552,3319.70724288909332,17.8181297551059536,17.8552678208896935,17.5224363104938696,17.9431890730160504,18.9732982797321377,17.6912987993421637,17.5065878625760476,17.768703545368222,16.2503929644609251,16.3470566528162884,16.2506932901841452,16.5493984240037655,16.4891211523510606,16.4725179741549468,16.5020902808380505,16.7568571055116493,17.5013901137621168,17.5315967531859513,17.3201734518635675,17.3606737661494534,17.4158553485100356,17.3334963958624506,17.3051189858889103,17.392026640181669,3321.29595391367229,3321.75285409657135,3320.65445012230566,3322.3004072108838,3320.37884772433062,3320.47072272690229,5.00043335976624448,4.99987082841716201,0.606553904211521333,-5.00016405096516614,4.99982397048368288,4.99982397873487372,-0.0024830293874075174,-0.00235133702556369851,-0.00248204993984092997,-0.00243660320842871772,-0.0028887939453124999,-0.00222915234475700927,-0.00277765504655595307,-0.00269398025159198369,-0.00269221002461225928,-0.00264068517925361134,-0.00251845108101139258,-0.00271341710549960567,-0.00266507243503601729,-0.00279615157741769154,-0.00239292785896724931,-0.00259674020048284663,-0.00307458751982561326,-0.00293065659209714108,-0.00237494799317123501,-0.0023025557526411204,-0.00294965409345531544,-0.00265999973634666303,-0.00244563333085914304,-0.00242185790855392689,-4.77000598462972203,5.00029275891706071,-5.00091408392384196,-5.00065637306995114,4.99991771110885352,0.0000332150927525244716,0.0000726548342498281537,0.00000350462268279720474,0.0000654418312191464095,0.0000189372479917481883,-0.00000752962057546315135,0.0000868238689639006103,-0.00002919582076312252,0.000028948353366511448,-0.0000207812036263238474,-5.00063279766880519,-5.00154709255989171,5.00055064035444196,4.99935526994195722,4.99961300082820248,5.00076156385513926,5.00005834824183814,4.99954267101613503,-3.87615671457783239,5.00008178710937478,-0.00300724211309640055
4/23/2014 2:54:23.575 PM,127,3316.92193414413577,3320.89776847943403,3321.26375669658455,3319.33327745510632,3318.31577912951343,3319.88634350651864,3319.97856649600726,3319.97864734002905,3320.71360864659527,3317.20116571767721,3318.77896474674162,3318.03778870952282,3319.33327752271179,3318.59374476767743,3318.8713322287117,3318.77877469479244,3317.48048638452701,3321.080700357375,3320.2546482290345,3319.1486160106474,3320.2545330001858,3319.05623557326634,3320.43810805772182,3320.34644363567213,3321.26375669658455,3320.16258325556964,3320.71399642554342,3319.88651684866954,3319.97842506753249,3319.42554366788999,3318.59379092331983,3319.70219044710165,3320.25977758785211,3320.44361283481839,3320.35166581742305,3320.90257548439331,3321.26936934365403,3320.25987852115213,3320.44366466233987,3321.26905982128482,3318.78427696474,3320.53542279129033,3321.81769250206389,3320.81054607978376,3320.53556666237409,3319.70746548640136,17.8297258252126305,17.8534775358137523,17.5217112998765216,17.937824300396997,16.5735170123943298,17.689660932245733,17.5159048952912784,17.7799170824614379,16.2549965795820697,16.3607236277041892,16.2517956030472703,16.5565144691147665,16.4861107749433167,16.4705737107239578,16.50326885963214,16.7405234661541939,17.4984552348290094,17.5264552687169051,17.3237082850412847,17.3581192679662486,17.4150512425309785,17.3372591058175871,17.2976176081192641,17.3751665529113239,3321.29563524375726,3321.75253611119433,3320.65413049583912,3322.30009004945941,3320.37852768853554,3320.4704028274532,5.00043335976624448,4.99987082841716201,0.606282768239379432,-5.00016405096516614,4.99982397048368288,4.99982397873487372,-0.00249218487542676769,-0.0023595771579136525,-0.00248266032001500086,-0.00241905436710393744,-0.00288970947265624993,-0.00222152348662984622,-0.0027799435430955026,-0.00268818123217564589,-0.00268488494745477979,-0.00263549731256298688,-0.00252348718960478851,-0.00271173852067723526,-0.00266369907964435822,-0.0027714311803678296,-0.00239811475313801009,-0.0025975031935839242,-0.00305291851575501417,-0.00293019875331109033,-0.00237769483271869269,-0.00231842786928799192,-0.00295499479479987811,-0.00265145541524424051,-0.00244868537480076283,-0.00241102315256117765,-4.76546561542654601,5.00029275891706071,-5.00091408392384196,-5.00065637306995114,4.99991771110885352,0.0000299331198025760555,0.0000701025173990814111,0.000027511898621401098,0.0000653136814191089132,0.0000254465454357203083,-0.00000674248844075103852,0.000114638884005313337,-0.0000280219429963735279,0.0000280907826221131868,-0.0000204135702068168348,-5.00063279766880519,-5.00154709255989171,5.00055064035444196,4.99935526994195722,4.99961300082820248,5.00076156385513926,5.00005834824183814,4.99954267101613503,-3.87713079001179661,5.00008178710937478,-0.00302585827206887674
4/23/2014 2:54:24.575 PM,128,3316.92234482008916,3320.8981717970264,3321.2641593241492,3319.33368369795971,3318.31618725399403,3319.88674871974217,3319.97897153706662,3319.97905238093744,3320.71401231057461,3317.20157588487927,3318.77937201668373,3318.03819734526587,3319.33368376556472,3318.59415237973735,3318.87173932784162,3318.77918196508562,3317.48089604162351,3321.08110333034392,3320.25505275388332,3319.1490225961993,3320.25493752525017,3319.05664233005745,3320.4385122388644,3320.3468479886128,3321.2641593241492,3320.16298795269494,3320.7144000887938,3319.88692206156929,3319.97883010885607,3319.42594973931181,3318.59419853529425,3319.70259600369945,3320.26022817796592,3320.44406304127051,3320.35211621584358,3320.90302473033944,3321.2698178192395,3320.26032911105539,3320.44411486868375,3321.26950829752195,3318.78473061241857,3320.53587280590863,3321.81813982145058,3320.81099551863189,3320.53601667669181,3319.70791722554668,17.8212092934726129,17.8574355114736853,17.5242999800483368,17.9410967182218997,13.7537597394683733,17.6885972768306203,17.5180366220292996,17.7809072766222087,16.2415237350887622,16.3425252716353917,16.2612407440629028,16.5559069901343463,16.4836748183460884,16.4756017501825376,16.5009849691413883,16.747529597244732,17.495352292795463,17.528831188000801,17.3196906439320983,17.3650618630812516,17.4216902826393642,17.3318718366537894,17.3072239919854702,17.3830214424249902,3321.29637013581759,3321.75326942462879,3320.6548675938202,3322.30082146276117,3320.37926573047707,3320.47114055496467,5.00043335976624448,4.99987082841716201,0.60650050095308039,-5.00016405096516614,4.99982397048368288,4.99982397873487372,-0.00249477893036555544,-0.00235026886025907489,-0.00247960841914464771,-0.00243980777945324327,-0.00288955688476562464,-0.00224257913506081602,-0.00278467310261057074,-0.00270374702113528953,-0.00269053136109700377,-0.00263763349296500856,-0.00251265192566142151,-0.00271433269722089849,-0.0026659880052971232,-0.00279126853602512616,-0.0023953687503417251,-0.00259017845981358071,-0.00305856466470298726,-0.00293462452824291495,-0.00240363720622245852,-0.00231293367506407461,-0.00293653122729438951,-0.00264962448929372159,-0.0024499061923774104,-0.00241148095915242082,-4.76123876462393891,5.00029275891706071,-5.00091408392384196,-5.00065637306995114,4.99991771110885352,0.0000223479460405789929,0.0000695365224489158282,0.0000439634767029291237,0.000064401376890270575,0.0000388314313873347231,-0.0000033224298244243808,0.000159030585833724034,-0.0000241537944125738576,0.0000269493895317041123,-0.0000190101563232215955,-5.00063279766880519,-5.00154709255989171,5.00055064035444196,4.99935526994195722,4.99961300082820248,5.00076156385513926,5.00005834824183814,4.99954267101613503,-3.87749927249503923,5.00008178710937478,-0.00295612397165558559
4/23/2014 2:54:25.575 PM,129,3316.9229409601894,3320.8987572554156,3321.26474378086459,3319.3342734027824,3318.31677969026623,3319.8873369299099,3319.97955949731385,3319.97964034096548,3320.71459827179296,3317.20217128645481,3318.77996321247201,3318.03879052370939,3319.33427347038696,3318.59474407215793,3318.87233027567163,3318.77977316138367,3317.48149070270665,3321.08168828846328,3320.25563996477694,3319.1496127984974,3320.25552473645711,3319.0572327809341,3320.43909895081878,3320.347434949957,3321.26474378086459,3320.16357541367324,3320.71498604895441,3319.88751027126727,3319.97941806948665,3319.42653919527629,3318.5947902275916,3319.70318471232394,3320.26098569089936,3320.44481990920303,3320.35287340650711,3320.90377998349822,3321.27057177729148,3320.26108662363503,3320.44487173643392,3321.27026225666804,3318.7854932656387,3320.53662935133616,3321.81889183573457,3320.81175109609194,3320.53677322161365,3319.70867667019729,17.8355405467989989,17.8653058062238337,17.5304969419387007,17.9451615070866381,14.7857471154968536,17.6982925985514043,17.5147989950963421,17.7759223551343588,16.2519108262308265,16.3491076681530671,16.2634065679247612,16.5716985934951531,16.4961224429991731,16.4840128317215324,16.5052837994096393,16.7593640384510927,17.501549867353603,17.5268862557123945,17.3102086536218174,17.3698898877527021,17.4215713384343793,17.3360155697149096,17.3149439861578536,17.3872402538384954,3321.29676684831793,3321.75366528496169,3320.65526549711239,3322.30121629737232,3320.37966414333414,3320.47153879808684,5.00043335976624448,4.99987082841716201,0.606920555725903532,-5.00016405096516614,4.99982397048368288,4.99982397873487372,-0.00248363975327546734,-0.00235789861243495798,-0.00247686170836132957,-0.00241386601401661098,-0.00288436889648437502,-0.00222701626448140342,-0.002783452571122811,-0.00268116136656639491,-0.00268946312067820442,-0.00262802068115591033,-0.00251463584722851682,-0.00271265411239852809,-0.00266461464990546413,-0.00276822668445395872,-0.00239582641747443891,-0.00258743168464970223,-0.00307626610464798323,-0.00292943568866767213,-0.00239463367659468107,-0.00229523016034256441,-0.00294782299585146521,-0.00264718325469302926,-0.00245921492639934996,-0.00241315958332031155,-4.75748677056143432,5.00029275891706071,-5.00091408392384196,-5.00065637306995114,4.99991771110885352,0.0000410521388571919929,0.000081437672330969191,0.0000350080667377848551,0.000063957429368712105,0.0000377813970048135483,-0.00000454584062294979576,0.000111617171628379435,-0.0000274510323529871533,0.000027953449228882146,-0.0000206835748344215705,-5.00063279766880519,-5.00154709255989171,5.00055064035444196,4.99935526994195722,4.99961300082820248,5.00076156385513926,5.00005834824183814,4.99954267101613503,-3.87734852272549757,5.00008178710937478,-0.00298236970397743701
4/23/2014 2:54:26.575 PM,130,3316.92350398395046,3320.899310191126,3321.26529577057226,3319.33483034892106,3318.31733921604882,3319.88789246446276,3319.98011479583601,3319.98019563928073,3320.71515168238693,3317.20273361273621,3318.78052156671265,3318.03935075041454,3319.33483041652607,3318.59530289542999,3318.87288839573511,3318.78033151610588,3317.48205232965074,3321.08224075170756,3320.25619455559308,3319.15017021446374,3320.25607932756884,3319.0577904316633,3320.43965307042526,3320.34798930509305,3321.26529577057226,3320.16413024067424,3320.7155394585493,3319.88806580537675,3319.97997336837124,3319.42709590638833,3318.59534905074679,3319.7037407176308,3320.26153423408004,3320.44536798531089,3320.35342171631828,3320.90432689027966,3321.27111774623017,3320.26163516655924,3320.44541981241036,3321.27080822639936,3318.78604553112109,3320.53717719390442,3321.81943639710789,3320.81229823771354,3320.5373210638163,3319.70922661221675,17.8287807383295949,17.8576290227200225,17.5313424005375538,17.9345968338437558,15.4946743783040635,17.6892479329448555,17.5008097421486006,17.7603433989338164,16.2454484695168801,16.3411961193712152,16.2616634247603713,16.5524470130434622,16.4913327058850783,16.4834118516472685,16.4982842182821798,16.7574692287542035,17.4972624936349419,17.5112606599157061,17.31170526641694,17.3587531526609169,17.4183487267836554,17.3268553460214107,17.3047202920610594,17.390791050495519,3321.29754075846585,3321.75443753262698,3320.65604173035899,3322.30198654397099,3320.38044137068436,3320.47231569430414,5.00043335976624448,4.99987082841716201,0.607256538511866672,-5.00016405096516614,4.99982397048368288,4.99982397873487372,-0.00250011963171011811,-0.00235347335617294576,-0.00248769595645108354,-0.00242347972709018632,-0.00288543701171874991,-0.00222549049285597099,-0.00278528336835445018,-0.00269214898230261393,-0.00269800904402859709,-0.00264373686554221412,-0.00251555150333640683,-0.00271311190825917472,-0.00267163402190727676,-0.0027746356762817009,-0.0023874358533746789,-0.00260360713839254349,-0.00306421081365096035,-0.00293706633510185285,-0.00238959780409100887,-0.0023202592673626306,-0.00294721262998351528,-0.00264245336265418827,-0.00244242868472044263,-0.00240827631301371997,-4.75270843875529447,5.00029275891706071,-5.00091408392384196,-5.00065637306995114,4.99991771110885352,0.000031453512852877738,0.0000922724328055676982,0.00000872644942402075034,0.0000648026078118165236,0.0000292926016042571745,-0.00000679435373644912357,0.0000602495873378652926,-0.0000311482130435802076,0.0000268822487616800489,-0.0000212113804906432555,-5.00063279766880519,-5.00154709255989171,5.00055064035444196,4.99935526994195722,4.99961300082820248,5.00076156385513926,5.00005834824183814,4.99954267101613503,-3.87708089611033868,5.00008178710937478,-0.00300129104588388795
4/23/2014 2:54:27.575 PM,131,3316.92368282292045,3320.89948582530451,3321.26547110422279,3319.3350072571402,3318.31751694377408,3319.88806892424645,3319.98029118063732,3319.98037202401656,3320.71532746742786,3317.20291223012964,3318.78069892226039,3318.03952870081047,3319.33500732474522,3318.59548039998071,3318.87306567688892,3318.78050887180688,3317.48223072487735,3321.0824162357926,3320.25637071556866,3319.1503472719387,3320.2562554876381,3319.05796756371819,3320.43982908070665,3320.34816539019766,3321.26547110422279,3320.16430647568177,3320.71571524327237,3319.88824226501992,3319.9801497532876,3319.42727273994387,3318.59552655526022,3319.70391732696452,3320.26193258334478,3320.44576599540369,3320.35381989611823,3320.90472405124683,3321.27151422616771,3320.26203351563845,3320.4458178224072,3321.27120470691261,3318.78644658339544,3320.53757503440874,3321.8198318549189,3320.8126955692137,3320.5377189040546,3319.70962597727157,17.8345937766120741,17.8658037361510153,17.5255925932928491,17.9373685171676094,14.9583384299486841,17.6878356938886583,17.5142320881038849,17.76106119774348,16.2579669467940278,16.3540227946129484,16.268322406611226,16.5702942435495437,16.4925082736785882,16.4892335439137447,16.508829407182283,16.7550660458904339,17.4913667085631736,17.4967661141483752,17.3037524196448444,17.354303112147651,17.4151159749757163,17.3236224091743836,17.3048366622421206,17.3747750951597553,3321.29767733196649,3321.75457381276328,3320.656178713798,3322.30212247099461,3320.38057852954443,3320.47245279473236,5.00043335976624448,4.99987082841716201,0.607026751919831908,-5.00016405096516614,4.99982397048368288,4.99982397873487372,-0.00248211383860559229,-0.00234950588504148628,-0.00248754336140756625,-0.00242805768569665089,-0.00288757324218749971,-0.00221892967486661064,-0.00278574106766236009,-0.00269092813610970075,-0.00269358347657928671,-0.00263778607727943896,-0.00251539889398509197,-0.00271509569032197607,-0.00266461464990546413,-0.00278287580863165445,-0.00239475852749810583,-0.00259719799634349326,-0.00308969478322694601,-0.00293233533431266078,-0.00237800003711285436,-0.0023115601265080955,-0.0029450763494456903,-0.00264458944292979411,-0.00245173741874238219,-0.00242872500742257087,-4.74821080818510754,5.00029275891706071,-5.00091408392384196,-5.00065637306995114,4.99991771110885352,0.0000379884552708913086,0.0000961932064495719481,0.0000338846336826721613,0.0000645508849903143049,-0.00000659629157159378861,-0.0000216735918023056002,-0.000183656015588373181,-0.0000503302000617438379,0.0000291116275117972372,-0.0000272582637890905692,-5.00063279766880519,-5.00154709255989171,5.00055064035444196,4.99935526994195722,4.99961300082820248,5.00076156385513926,5.00005834824183814,4.99954267101613503,-3.87615869812743163,5.00008178710937478,-0.00301319318030891358
4/23/2014 2:54:28.575 PM,132,3316.92440481731046,3320.90019488318194,3321.26617894898299,3319.33572145783046,3318.31823445249574,3319.88878131477531,3319.98100326848998,3319.98108411160365,3320.71603713427703,3317.20363333009936,3318.78141492864369,3318.04024710836756,3319.33572152543502,3318.59619700783105,3318.87378138297299,3318.78122487880818,3317.48295092804482,3321.08312468779786,3320.25708189588704,3319.15106207511689,3320.25696666833573,3319.05868266794686,3320.44053965676448,3320.34887626828913,3321.26617894898299,3320.16501795887461,3320.7164249088405,3319.88895465497989,3319.98086184160456,3319.42798663924486,3318.59624316296094,3319.70463032116958,3320.26188034147435,3320.445713798018,3320.35376767647449,3320.90467196522922,3321.27146222947158,3320.26198127379211,3320.44576562503425,3321.27115271014099,3318.78639398700761,3320.53752285926566,3321.81977999228183,3320.8126434608298,3320.53766672894607,3319.7095736021738,17.836526869725418,17.8596723905082157,17.5447242377295147,17.9348901096039199,17.8751465162595942,17.6880956865372418,17.517687275053774,17.7553902903450158,16.2603586715789738,16.3487244615742888,16.2706387254354965,16.5643117631075114,16.5060968742428748,16.4956628152008768,16.5097752969051221,16.7566205312877514,17.4786039179054491,17.5059202616337188,17.2961622079908181,17.3605658378277354,17.4074505231504695,17.3241774239595081,17.3071419981583929,17.3820264056914482,3321.29770334378008,3321.75459976866977,3320.6562048037349,3322.30214835960805,3320.38060465291209,3320.47247890696417,5.00043335976624448,4.99987082841716201,0.607967107010608854,-5.00016405096516614,4.99982397048368288,4.99982397873487372,-0.00247982496660077972,-0.00235240519086832214,-0.00248586481592887173,-0.00242241153674867781,-0.00289443969726562497,-0.00223601831707145567,-0.0027839102704307209,-0.00269520109778489687,-0.00269709340938391242,-0.00263381888510425552,-0.00251646715944429727,-0.00272196262823167293,-0.00266736136068878227,-0.00278638549463256077,-0.00238987674474915469,-0.00258727908602948654,-0.00306329522192966709,-0.00293203010845529332,-0.00240562103478451136,-0.0023025557526411204,-0.00295438442893192817,-0.00266564509136076391,-0.0024499061923774104,-0.00241315958332031155,-4.74355031289563733,5.00029275891706071,-5.00091408392384196,-5.00065637306995114,4.99991771110885352,0.0000397561411667239913,0.0000976654035571455264,0.0000402802647980555738,0.0000639192895472723847,-0.0000191677061193073478,-0.0000276274226584710526,-0.000195744391213470854,-0.0000536671269773658096,0.000027478886058939338,-0.0000289515131486456945,-5.00063279766880519,-5.00154709255989171,5.00055064035444196,4.99935526994195722,4.99961300082820248,5.00076156385513926,5.00005834824183814,4.99954267101613503,-3.87565075684928839,5.00008178710937478,-0.00299610293600631244
4/23/2014 2:54:29.575 PM,133,3316.92402726258296,3320.89982409359845,3321.26580879379889,3319.3353479788152,3318.31785924354653,3319.88840878238306,3319.9806308943821,3319.98071173763446,3320.7156660262317,3317.20325624310862,3318.78104050534193,3318.03987142937285,3319.33534804641976,3318.59582226999236,3318.87340711671277,3318.7808504551831,3317.48257431003639,3321.08275421505504,3320.25670999637395,3319.15068828103085,3320.25659476862438,3319.05830871642638,3320.44016807324897,3320.34850452682576,3321.26580879379889,3320.16464590097348,3320.71605380146547,3319.88858212288551,3319.98048946725384,3319.42761331784095,3318.59586842520047,3319.70425747308536,3320.2625921400986,3320.44642499055316,3320.35447917227065,3320.90538164040708,3321.27217068767368,3320.26269307208394,3320.44647681739843,3321.27186116937173,3318.78711061581498,3320.53823374875219,3321.82048662397983,3320.81335344074386,3320.53837761795739,3319.71028721597849,17.8352289720019463,17.8566994359612359,17.5376419847937548,17.9281909178340122,19.292515913482017,17.6832973678815541,17.5046732516277643,17.7475530898367921,16.2758070791099669,16.3620452507896807,16.2683486163556843,16.5606523410561337,16.511117962860478,16.5002268757846622,16.5196724421926362,16.7634675678474316,17.4840533248297376,17.5061184636099512,17.3069418772025578,17.3621340182198871,17.4188377183892662,17.3386102649331413,17.3153314344460476,17.3775069892197429,3321.29856180004526,3321.7554563808535,3320.65706583685914,3322.30300275214131,3320.38146678872908,3320.47334067547763,5.00043335976624448,4.99987082841716201,0.608509836697108008,-5.00016405096516614,4.99982397048368288,4.99982397873487372,-0.00248791231435111773,-0.00236293424887104109,-0.00248174474975389496,-0.00241951216296458363,-0.00289016723632812495,-0.00222091317797967324,-0.00278635133340623996,-0.00268024573192170981,-0.00269297305348283013,-0.00264373686554221412,-0.00251768803425481743,-0.00271143332343680432,-0.00267468592277762991,-0.00276670073401878193,-0.0023956738617635343,-0.0026029967439116816,-0.00305230812127415228,-0.0029366084963158021,-0.00236609706574053818,-0.00230194528661624084,-0.00294858595318640273,-0.00264550490590505358,-0.00244349690010000958,-0.00242002668218895553,-4.74082038271346828,5.00029275891706071,-5.00091408392384196,-5.00065637306995114,4.99991771110885352,0.0000406521961070122309,0.0000890763157689183227,0.0000392789440315420853,0.0000639940435972942564,-0.0000245521847552589617,-0.0000295433876995532492,-0.000160521602496483832,-0.0000539632677923844096,0.0000259636409536235456,-0.0000281964154612765156,-5.00063279766880519,-5.00154709255989171,5.00055064035444196,4.99935526994195722,4.99961300082820248,5.00076156385513926,5.00005834824183814,4.99954267101613503,-3.87584575503296724,5.00008178710937478,-0.00297397717329312382
4/23/2014 2:54:30.575 PM,134,3316.92455053952289,3320.90033799422508,3321.26632181516515,3319.33586560692447,3318.31837926929893,3319.88892509849756,3319.98114699111829,3319.98122783417829,3320.71618036823792,3317.20377887177801,3318.7815594422077,3318.0403921065963,3319.33586567452903,3318.59634164279805,3318.87392583592327,3318.78136939249634,3317.48309628870856,3321.08326767654944,3320.25722543533402,3319.1512063458199,3320.25711020785956,3319.05882699941548,3320.44068307424504,3320.34901974673357,3321.26632181516515,3320.16516155945555,3320.71656814254311,3319.88909843858755,3319.98100556432655,3319.42813072750505,3318.59638779789747,3319.70477422674048,3320.26314068304782,3320.44697306642865,3320.35502748185035,3320.90592854695341,3321.27271665637545,3320.26324161477714,3320.44702489314204,3321.27240713886612,3318.78766288107453,3320.53878159108762,3321.82103118511304,3320.81390058213082,3320.53892545992675,3319.71083715777012,17.8369104103669898,17.8632514153120105,17.5352912860945409,17.9330674750015362,18.5530064994954067,17.6855882617300395,17.5093220734129424,17.7474857368342995,16.2517597191428251,16.3446914736473978,16.2620361160340003,16.5554842152684962,16.5045003951209281,16.5033579043573688,16.5131296338040201,16.7561667327410078,17.4760668418995806,17.5032310032615506,17.3052710707879065,17.3603877724370719,17.4253877438237019,17.3375485368951061,17.3098560385724411,17.3871752647943403,3321.29847725580384,3321.75537201823499,3320.65698103882323,3322.30291860813577,3320.3813818820895,3320.47325580501365,5.00043335976624448,4.99987082841716201,0.609365356897332955,-5.00016405096516614,4.99982397048368288,4.99982397873487372,-0.00246807542364274168,-0.00233394119060268464,-0.0024594658734003157,-0.00240409970232281995,-0.00286499023437499986,-0.00220687607902569352,-0.00276026247285537972,-0.0026808561550181664,-0.00267084521623627783,-0.00261901820660453283,-0.00249555967831413842,-0.00269205329866943795,-0.0026508810959888743,-0.0027586131967123461,-0.00237095983659696809,-0.0025704932378057834,-0.00304849315576876528,-0.00291570052508614711,-0.00235282067459449337,-0.00227752664562105422,-0.00292310317819948883,-0.00262017709692287252,-0.00242808407819483088,-0.00238538598345157393,-4.73851295444598985,5.00029275891706071,-5.00091408392384196,-5.00065637306995114,4.99991771110885352,0.0000379731902804264358,0.0000844919092318627616,0.0000437680970411703926,0.0000640886303544647795,-0.0000163396338652205188,-0.0000250494123723015385,-0.0000518742552547273061,-0.0000461048507010660596,0.000027248471143629482,-0.000025963156846511919,-5.00063279766880519,-5.00154709255989171,5.00055064035444196,4.99935526994195722,4.99961300082820248,5.00076156385513926,5.00005834824183814,4.99954267101613503,-3.87572521624962896,5.00008178710937478,-0.00302051757072431364
4/23/2014 2:54:31.575 PM,135,3316.9248221159055,3320.9006047046264,3321.2665880692607,3319.33613425175963,3318.31864915842788,3319.8891930624527,3319.98141484122425,3319.98149568418421,3320.71644730769958,3317.20405011173034,3318.78182876624214,3318.04066233381581,3319.33613431936419,3318.5966111930702,3318.8741950470021,3318.78163871676315,3317.48336719133476,3321.08353415905594,3320.25749294407705,3319.15147521727658,3320.25737771674494,3319.05909598411062,3320.44095035569944,3320.34928714179614,3321.2665880692607,3320.1654291821228,3320.71683508152273,3319.88936640232896,3319.98127341460713,3319.42839925897487,3318.59665734811369,3319.70504241776416,3320.26379371059101,3320.4476255379327,3320.35568023157247,3320.90657962640125,3321.2733666193435,3320.26389464201474,3320.4476773644892,3321.27305710277824,3318.78832033993057,3320.53943378456824,3321.82167947240759,3320.81455194115096,3320.53957765297173,3319.71149185059857,17.8363229673978587,17.8674569434163786,17.538280032579916,17.9316430398849853,19.3237622271019766,17.6806640011702107,17.5118537992533518,17.7450737972962678,16.2614490573694219,16.3357265788182957,16.2531467158076097,16.5418022526691892,16.5059680250256484,16.5071105062949783,16.5227483862856772,16.7462898381831877,17.4759704513530245,17.506178655877985,17.3038046125978333,17.3484952511541159,17.4269656207241432,17.3374522486923972,17.3064873280030902,17.3921013281341565,3321.29925766791802,3321.75615075387759,3320.65776379358567,3322.30369532587246,3320.38216563932064,3320.47403922832563,5.00043335976624448,4.99987082841716201,0.609965762102948283,-5.00016405096516614,4.99982397048368288,4.99982397873487372,-0.00246273472229817901,-0.00233241524016750785,-0.00245778732792162162,-0.0023983009547546316,-0.00286407470703124983,-0.00218917712817067551,-0.00275110848669718336,-0.00266941072195960505,-0.00266519880259405428,-0.00261795011640352177,-0.00248335093020893598,-0.00268945912212577472,-0.0026357741866806254,-0.00274762635357907398,-0.0023683663895115877,-0.00257034063918556771,-0.00305154512817307514,-0.00290745942693723192,-0.00236792829210550997,-0.00227813711164593378,-0.00292203503793057656,-0.00262872141802529503,-0.00242976270236272161,-0.00239011665156108402,-4.73539227104792193,5.00029275891706071,-5.00091408392384196,-5.00065637306995114,4.99991771110885352,0.0000440562889806796633,0.0000826917096599075105,0.0000363238266474412991,0.0000641893194830656724,-0.00000681606620979589459,-0.0000261965506771532992,-0.0000799578669518674802,-0.0000464315214970144187,0.0000411984920427200798,-0.0000264055373098191135,-5.00063279766880519,-5.00154709255989171,5.00055064035444196,4.99935526994195722,4.99961300082820248,5.00076156385513926,5.00005834824183814,4.99954267101613503,-3.87578960532123506,5.00008178710937478,-0.00294193296522574739
4/23/2014 2:54:32.575 PM,136,3316.92544474981878,3320.90121618196735,3321.26719850039853,3319.33675016431152,3318.31926792385775,3319.88980741390469,3319.98202893164489,3319.98210977437611,3320.71705931022415,3317.20467197428706,3318.78244623604177,3318.04128187441028,3319.33675023191563,3318.59722918158058,3318.87481225781994,3318.7822561870953,3317.48398828048039,3321.08414511388764,3320.25810625183157,3319.15209164942007,3320.25799102482642,3319.05971267588256,3320.44156314233441,3320.34990018890721,3321.26719850039853,3320.1660427510792,3320.71744708294181,3319.88998075328982,3319.9818875054284,3319.42901491160591,3318.59727533649447,3319.70565728983183,3320.26372187648667,3320.44755376498778,3320.35560842802578,3320.90650800656976,3321.27329512231472,3320.26382280794405,3320.44760559156156,3321.27298560564531,3318.78824801842165,3320.53936204220326,3321.82160815968791,3320.814480290569,3320.53950591065449,3319.7114198333279,17.84272663330011,17.8685374126152645,17.5406541189212746,17.93127787794133,19.2179783838107241,17.6848634042329031,17.5057071126120753,17.7453929966691852,16.2522528604148242,16.3124390731157618,16.2361022703280078,16.5453195833591025,16.4958539334422376,16.4995096136189545,16.5140796860994001,16.7653392326263173,17.4736710197060496,17.4998461664270053,17.294957719355402,17.3305942998935336,17.4229912822314716,17.3270835130142231,17.2976427709051244,17.3983248193398481,3321.299595847423,3321.75648820692322,3320.65810298822089,3322.3040319045067,3320.3825052683519,3320.47437871266083,5.00043335976624448,4.99987082841716201,0.609602314784072674,-5.00016405096516614,4.99982397048368288,4.99982397873487372,-0.00244732298413244051,-0.00231212009937965856,-0.002442527823569855,-0.00239555417959075269,-0.00284591674804687486,-0.00217468229772906562,-0.00274698919292599509,-0.00265674444270813008,-0.00265024343673086723,-0.00260406494379038017,-0.00248121439929052537,-0.00267664083802767426,-0.00262722886424363641,-0.0027360291302717314,-0.00235189037273387646,-0.00256377889851630222,-0.00302636635583751999,-0.0029063911364364467,-0.00233008294722942795,-0.00227462693200287556,-0.00289792558614655011,-0.00260995442703247432,-0.00239329077726036822,-0.00236875234396974723,-4.73213222917871512,5.00029275891706071,-5.00091408392384196,-5.00065637306995114,4.99991771110885352,0.0000346148923781536354,0.0000836665634959070078,0.0000324711839421363516,0.0000645173219474473451,0.0000141189942917200597,-0.0000226010653253772378,0.0000175289840209407727,-0.0000409559694172632638,0.0000455305976358636144,-0.0000242424493892342797,-5.00063279766880519,-5.00154709255989171,5.00055064035444196,4.99935526994195722,4.99961300082820248,5.00076156385513926,5.00005834824183814,4.99954267101613503,-3.87569561558637909,5.00008178710937478,-0.00293384561747540938
4/23/2014 2:54:33.575 PM,137,3316.9258620487144,3320.9016260037406,3321.26760762100684,3319.33716295855856,3318.31968263010003,3319.89021916190313,3319.98244050470111,3319.98252134727909,3320.71746948397412,3317.20508875622044,3318.78286007395354,3318.04169710016731,3319.33716302616221,3318.59764336713215,3318.87522592216328,3318.78267002536449,3317.484404544075,3321.08455458547541,3320.25851730034537,3319.15250479189626,3320.25840207355986,3319.06012599236191,3320.44197384159451,3320.35031106273891,3321.26760762100684,3320.16645397465072,3320.71785725595145,3319.89039250095993,3319.98229907875293,3319.4294275316538,3318.59768952195963,3319.706069386747,3320.26394390784344,3320.44777560730062,3320.35583036492835,3320.90672937560702,3321.27351611176754,3320.26404483919714,3320.4478274338212,3321.27320659541874,3318.78847155635094,3320.53958378999277,3321.82182857943962,3320.81470175465574,3320.53972765829576,3319.71164243085377,17.8413176017506139,17.8686494154196502,17.5425924243857061,17.9373232095689197,19.6894974236630453,17.6864210198015037,17.5122093448045462,17.7501434287918762,16.2586076222182605,16.3110283524969652,16.2227343366822296,16.5402551393959349,16.4886547986218908,16.4964231888844246,16.5041368936829258,16.7622536283021333,17.4718944031286085,17.4938080079913618,17.2856442482304651,17.3326229866307813,17.4097973201781109,17.3286557190781387,17.2915279599992004,17.3763068734823491,3321.29965437729697,3321.75654661104863,3320.65816169381287,3322.30409015727264,3320.38256404913681,3320.47443746839917,5.00043335976624448,4.99987082841716201,0.608780820088511532,-5.00016405096516614,4.99982397048368288,4.99982397873487372,-0.00247494203965717939,-0.00234508062877947406,-0.00247899803897057682,-0.00242149594502738498,-0.00288360595703124984,-0.00222472760704325477,-0.00277170495555312561,-0.00269642194397781004,-0.00268351149548775279,-0.00262969910861464212,-0.00251387280047194166,-0.00270090401864193615,-0.00266705617060174682,-0.00277997650280481902,-0.00239796219742710549,-0.00258376931776453048,-0.00305383410747630743,-0.00291692142851561606,-0.0023859353513610653,-0.00231613862169469283,-0.00293500531262451446,-0.00264718325469302926,-0.00244166567373503779,-0.00240720809763415346,-4.72867070518255961,5.00029275891706071,-5.00091408392384196,-5.00065637306995114,4.99991771110885352,0.0000362955678283365195,0.0000908154916265700106,0.0000377968061286692176,0.0000640367601973067507,0.0000191234459491138652,-0.0000150836483489018719,0.0000918310600289107656,-0.0000301086671929221265,0.0000403866990960654977,-0.0000208590015698709741,-5.00063279766880519,-5.00154709255989171,5.00055064035444196,4.99935526994195722,4.99961300082820248,5.00076156385513926,5.00005834824183814,4.99954267101613503,-3.87465898204966974,5.00008178710937478,-0.00299945994828003772
4/23/2014 2:54:34.575 PM,138,3316.92588854084715,3320.90165202085882,3321.26763359358119,3319.33718916451471,3318.31970895752374,3319.89024530139249,3319.98246663307645,3319.98254747564487,3320.71749552345318,3317.20511521551088,3318.78288634621321,3318.04172346059522,3319.33718923211881,3318.59766966147708,3318.87525218339624,3318.78269629764645,3317.48443097043582,3321.08458058034648,3320.25854339539728,3319.15253101997541,3320.25842816862541,3319.06015223149552,3320.44199991445884,3320.35033714669316,3321.26763359358119,3320.16648008082347,3320.71788329538367,3319.89041864042838,3319.98232520714509,3319.42945372654367,3318.59771581629866,3319.70609554840257,3320.26490385418083,3320.44873473624147,3320.35678990285987,3320.90768645817661,3321.27447155307345,3320.26500478508614,3320.44878656253104,3321.27416203811208,3318.78943801687273,3320.54054251022898,3321.82278155744688,3320.81565924820552,3320.54068637789168,3319.71260482521847,17.8388608492770615,17.871441170886353,17.5439390054667719,17.9322034808336035,21.0475318935393147,17.6803115559560062,17.5091432599559731,17.746774790916831,16.2448056440001345,16.2912815486284792,16.2169990236921357,16.5098567626981172,16.478044637411724,16.4882503074858668,16.4992380179002858,16.7396175631720823,17.4755965203491392,17.4867040107650453,17.2808212862150547,17.3295518699966635,17.4081717477354587,17.3191137652377698,17.284879914349947,17.3778020025267459,3321.30069492778466,3321.757584926253,3320.65920536781232,3322.30512578195202,3320.38360905975378,3320.47548203379256,5.00043335976624448,4.99987082841716201,0.608473675062106478,-5.00016405096516614,4.99982397048368288,4.99982397873487372,-0.00249447374743158026,-0.00234294429817022681,-0.0024896796920168135,-0.00243095705948074507,-0.00289428710937499967,-0.00223769666585943178,-0.0027703318576293959,-0.00269596412665546771,-0.00268549537055123638,-0.00263168270470223384,-0.00252455545506399381,-0.00271234891515809715,-0.0026635464846008405,-0.0027958463873306561,-0.00240299653588696123,-0.00259216224187638206,-0.00306741538467548546,-0.00290669636229381372,-0.00237815263930993542,-0.00231308629157029461,-0.00294889113612037792,-0.00265343891835730312,-0.00244242868472044263,-0.00242140010196268416,-4.72511393509002975,5.00029275891706071,-5.00091408392384196,-5.00065637306995114,4.99991771110885352,0.0000358727275924594448,0.0000959338556637817772,0.0000315538153740348184,0.0000639375966615634537,0.0000123150108031444337,-0.0000135917583726451937,0.0000880874941397093333,-0.0000296827739589520773,0.0000396573061853495388,-0.0000213059583827985876,-5.00063279766880519,-5.00154709255989171,5.00055064035444196,4.99935526994195722,4.99961300082820248,5.00076156385513926,5.00005834824183814,4.99954267101613503,-3.87373083341796498,5.00008178710937478,-0.00302433235739900169
4/23/2014 2:54:35.575 PM,139,3316.9267032657658,3320.90245214744982,3321.26843235121941,3319.33799509456048,3318.32051862054868,3319.891049188745,3319.9832701788714,3319.98335102113969,3320.71829633724382,3317.20592893111279,3318.78369431391047,3318.04253413791912,3319.33799516216458,3318.59847830790522,3318.87605981221759,3318.78350426604083,3317.48524367403297,3321.08538002323621,3320.25934591707664,3319.1533376299044,3320.25923069073269,3319.06095918114761,3320.44280175425501,3320.35113932732201,3321.26843235121941,3320.16728294428412,3320.71868410772867,3319.89122252713923,3319.98312875346391,3319.43025931648435,3318.59852446255808,3319.70690011697888,3320.26521730694139,3320.44904792210127,3320.35710322226532,3320.90799897584429,3321.27478353482638,3320.26531823770028,3320.4490997483158,3321.27447402031794,3318.78975359668084,3320.5408555626368,3321.82309273486998,3320.81597190006868,3320.54099943008986,3319.71291907732256,17.8346395517417449,17.8654675206191982,17.5400193936117894,17.9299588645716348,20.1788866499165849,17.6826310990160209,17.5056050603512965,17.7539599277035869,16.2529888229455501,16.3121847335760108,16.2324969025788732,16.5208566199316564,16.4772444384439787,16.4763303220835588,16.5020176920016759,16.7490199555655081,17.4758521184069373,17.4877206761189505,17.282143171226668,17.3218923646157634,17.4164943190653005,17.3166290581594744,17.3024122002101883,17.3755471507690409,3321.30108513399773,3321.75797429423255,3320.65959674534633,3322.3055141409809,3320.38400093852124,3320.47587374560089,5.00043335976624448,4.99987082841716201,0.608294850436698287,-5.00016405096516614,4.99982397048368288,4.99982397873487372,-0.00247585758845910451,-0.00235896677773958161,-0.00248082917949278862,-0.00241356081677618004,-0.00288650512695312481,-0.00219344928872188677,-0.00277918071091565275,-0.00267810925108411153,-0.00268580058209946489,-0.002641600685140192,-0.00252241892414558321,-0.00271494309170176038,-0.00266064717877400507,-0.00277494086636873591,-0.00239353808181086815,-0.0025958246087615538,-0.00306329522192966709,-0.0029485123047531237,-0.00237922085468950237,-0.00230545546625929906,-0.00295407924599795299,-0.00264764098618065942,-0.00244822756820951967,-0.00241560121847360712,-4.72127432682989667,5.00029275891706071,-5.00091408392384196,-5.00065637306995114,4.99991771110885352,0.0000386509558570669436,0.000091834587655439598,0.0000256481598166557173,0.0000645478338045991267,0.0000128552901220579455,-0.0000106995054125402227,0.0000881836395335208599,-0.0000277441201699127787,0.0000417630848815587924,-0.0000203067887156737164,-5.00063279766880519,-5.00154709255989171,5.00055064035444196,4.99935526994195722,4.99961300082820248,5.00076156385513926,5.00005834824183814,4.99954267101613503,-3.87426837535935808,5.00008178710937478,-0.00297565567942998646
4/23/2014 2:54:36.575 PM,140,3316.92679599389157,3320.90254321354132,3321.26852326145399,3319.33808682138124,3318.32061077237267,3319.89114068300296,3319.98336163424255,3319.98344247647674,3320.7183874815737,3317.20602154432708,3318.78378627271968,3318.0426264052221,3319.33808688898489,3318.59857034398828,3318.87615173244557,3318.78359622492962,3317.48533617202929,3321.08547101148769,3320.25943725585102,3319.15342943412997,3320.25932202955573,3319.06105102405126,3320.44289301539629,3320.35123062726779,3321.26852326145399,3320.16737432197123,3320.71877525189347,3319.89131402132397,3319.98322020889463,3319.43035100458337,3318.59861649862205,3319.70699168879491,3320.26562871316309,3320.4494589780129,3320.35751445345704,3320.90840915474746,3321.2751930103368,3320.26572964372962,3320.44951080412829,3321.27488349642271,3318.79016779467156,3320.54126644339066,3321.82350115469034,3320.8163822551046,3320.54141031056951,3319.7133315326896,17.8378020697083386,17.8719032215005882,17.5396831188397968,17.9284057996142287,19.246481151994395,17.6825233208616979,17.5061060462569316,17.7518752871410257,16.283940564320325,16.3359124133373754,16.2370345786536632,16.5357463609986688,16.4817821986072737,16.4772124529542765,16.5082320682163797,16.7371869072634141,17.4806845823591033,17.4977278065269957,17.2888796721302071,17.3247463614535526,17.4389869913750388,17.3258016238113015,17.3096035712620733,17.3754325490201005,3321.30139729450456,3321.75828578409391,3320.65990984299105,3322.30582482361205,3320.38431443718718,3320.47618711068798,5.00043335976624448,4.99987082841716201,0.607744033971063913,-5.00016405096516614,4.99982397048368288,4.99982397873487372,-0.00249859371704024306,-0.00234492803373595633,-0.00248433886549369494,-0.00241935956434436838,-0.0028848266601562496,-0.00222945749908209576,-0.00277796017942789301,-0.00269810060749306599,-0.00269556735164277073,-0.0026564013636399147,-0.00252318197090215836,-0.00271402749998046755,-0.00266675098051471138,-0.00277005782497617096,-0.0023953687503417251,-0.00260604871631599103,-0.00306863617363720923,-0.00291737926730166681,-0.00238517234037566046,-0.00234727238896355588,-0.00295148519105916524,-0.00263757089345280403,-0.00243754541441385149,-0.00240980233498453008,-4.71643127652237393,5.00029275891706071,-5.00091408392384196,-5.00065637306995114,4.99991771110885352,0.0000407941605183355851,0.0000990704745789851852,0.0000326146658812404158,0.0000644624006045741382,0.0000291705045830337829,-0.0000059111182597082071,0.000172638974351461164,-0.0000211755947728764812,0.0000424940037188662083,-0.0000181620061935705587,-5.00063279766880519,-5.00154709255989171,5.00055064035444196,4.99935526994195722,4.99961300082820248,5.00076156385513926,5.00005834824183814,4.99954267101613503,-3.87463853623072385,5.00008178710937478,-0.00297687641116588676
4/23/2014 2:54:37.575 PM,141,3316.92702782731566,3320.9027708930721,3321.26875055145501,3319.33831615226108,3318.32084116545593,3319.89136943264293,3319.98359028669347,3319.98367112884261,3320.71861535664447,3317.20625309055412,3318.78401618340467,3318.04285708692032,3319.33831621986473,3318.59880044780356,3318.87638154670457,3318.78382613581288,3317.48556743029485,3321.08569849647392,3320.25966561689438,3319.15365895846798,3320.25955039072096,3319.06128064505583,3320.44312118241259,3320.35145889126624,3321.26875055145501,3320.16760278026686,3320.71900312655316,3319.89154277078159,3319.98344886149516,3319.43058023868752,3318.59884660238913,3319.70722063227413,3320.26598787677039,3320.44981783579169,3320.35787346425968,3320.90876724687723,3321.27555048838849,3320.26608880716912,3320.44986966182068,3321.27524097499372,3318.79052939555822,3320.54162514825293,3321.82385771109966,3320.81674050100264,3320.54176901519213,3319.71369161222537,17.8417568141728573,17.8658161565414666,17.522561232514807,17.92513510572455,13.1207710409572193,17.668525090031288,17.5055737211465505,17.7460206896721928,16.2703901079309503,16.3155037678878578,16.2396241955398537,16.539248290251102,16.4872659362534541,16.4785834858303204,16.4980245633364788,16.7558404432077488,17.4801218655379245,17.49533863066004,17.2818457931053473,17.3276843080766518,17.4165794513534813,17.3279027736706652,17.3109433002184332,17.3670319841550551,3321.3018980584352,3321.75878547228239,3320.66041211013043,3322.30632321696975,3320.38481734758079,3320.47668980681555,5.00043335976624448,4.99987082841716201,0.607230752367076576,-5.00016405096516614,4.99982397048368288,4.99982397873487372,-0.00248623380821425509,-0.00235438892643405166,-0.00247594613810022367,-0.00243065186224031412,-0.00288818359375000002,-0.00222610080150614396,-0.00278177434032714178,-0.00269474328046255454,-0.00268000156268312709,-0.00263061461450122278,-0.00251845108101139258,-0.00271631647928369984,-0.00266202053416566371,-0.00277234675062893593,-0.002391402301858202,-0.002588652473611426,-0.00307550311154690609,-0.00292745172059478498,-0.00236777568990842891,-0.00230652378180283817,-0.00294385561770979,-0.00263299357857650629,-0.00244013965176422812,-0.00241117575475825871,-4.71249504842409195,5.00029275891706071,-5.00091408392384196,-5.00065637306995114,4.99991771110885352,0.0000354483608575358863,0.0000998759876077922878,0.0000313141700076588757,0.0000640596440901705937,0.0000387505421107742262,-0.0000062375645326314477,0.000131200309618690432,-0.0000236775267100697146,0.0000462172646020188048,-0.0000189079511816988995,-5.00063279766880519,-5.00154709255989171,5.00055064035444196,4.99935526994195722,4.99961300082820248,5.00076156385513926,5.00005834824183814,4.99954267101613503,-3.87483475506030972,5.00008178710937478,-0.00298206452104346183
4/23/2014 2:54:38.575 PM,142,3316.92784254886191,3320.90357101598374,3321.26954930538568,3319.33912207874937,3318.32165082500159,3319.8921733163952,3319.98439382888091,3319.98447467073037,3320.71941616677077,3317.20706680276271,3318.78482414758764,3318.04366776078677,3319.33912214635302,3318.59960909073197,3318.87718917200481,3318.78463410069252,3317.4863801304773,3321.08649793566974,3320.2604681349444,3319.15446556485358,3320.2603529091989,3319.06208759117225,3320.44392301856578,3320.35226106825894,3321.26954930538568,3320.1684056401059,3320.71980393523335,3319.89234665389176,3319.98425240420601,3319.43138582506344,3318.59965524514837,3319.7080251972643,3320.26664743205583,3320.45047682946551,3320.35853273894008,3320.909424834545,3321.27620694838833,3320.26674836214624,3320.45052865533671,3321.27589743594626,3318.79119342656395,3320.54228386111754,3321.82451247863355,3320.81739837104396,3320.54242772761654,3319.71435284948438,17.848551952098795,17.8735271002592526,17.5231204040476101,17.9234120044476661,11.8316098518872188,17.6702253316821469,17.501796594560794,17.7434620042913771,16.2648596965609791,16.316368024215464,16.2426208929340277,16.5391986021349346,16.4911002379885509,16.4811993375293397,16.4964511191407297,16.7487100346390818,17.4785252568130538,17.4992210251361904,17.2878616190764163,17.3292842739999315,17.4208436814306893,17.3244025558040135,17.3120102872189854,17.3739582027713162,3321.30198910948365,3321.75887632778085,3320.66050343443384,3322.30641383709189,3320.38490878881612,3320.47678120910131,5.00043335976624448,4.99987082841716201,0.606911400881599339,-5.00016405096516614,4.99982397048368288,4.99982397873487372,-0.00249950926584216818,-0.0023614082984358643,-0.00249135823749550758,-0.00243767139877022624,-0.00289810180664062467,-0.00222671111015631694,-0.0027799435430955026,-0.0026997792710083215,-0.00269694080360979817,-0.00263793866159386893,-0.00251707759684955713,-0.00271158592205702001,-0.00266903990616747635,-0.00278623289958904305,-0.00240025053309067624,-0.00258926286809228789,-0.00307123035018087246,-0.00292180504223349142,-0.0024092834875144545,-0.00229431446130524486,-0.00295056964225724056,-0.00265191314673187024,-0.00245097440775697735,-0.00242399433931306078,-4.70931636259553876,5.00029275891706071,-5.00091408392384196,-5.00065637306995114,4.99991771110885352,0.0000286249101197361522,0.000092029863541211014,0.00000927595472271717738,0.0000644669773831468987,0.0000266507273075360191,-0.00000634282057390109023,0.000105613425925925924,-0.0000259810137712195578,0.0000422162850792212196,-0.0000194891475834921421,-5.00063279766880519,-5.00154709255989171,5.00055064035444196,4.99935526994195722,4.99961300082820248,5.00076156385513926,5.00005834824183814,4.99954267101613503,-3.87582546179475962,5.00008178710937478,-0.0030282997355406769
4/23/2014 2:54:39.575 PM,143,3316.92806113284132,3320.90378568327014,3321.26976360538537,3319.33933830308751,3318.32186805088804,3319.89238899268366,3319.9846094135305,3319.98469025529948,3320.71963101843084,3317.20728511594507,3318.78504091862214,3318.04388525880722,3319.33933837069071,3318.59982604386823,3318.87740585211986,3318.78485087191438,3317.48659817214138,3321.0867124195206,3320.26068344482655,3319.15468197160271,3320.26056821919564,3319.06230408906822,3320.44413814550034,3320.35247628663819,3321.26976360538537,3320.16862104168694,3320.72001878650553,3319.89256233000833,3319.98446798899658,3319.43160195815198,3318.59987219823915,3319.70824105632391,3320.26663437130264,3320.45046377983226,3320.35851968374299,3320.90941181275093,3321.27619394892144,3320.26673530139942,3320.45051560570664,3321.27588443646072,3318.79118027719232,3320.54227081704448,3321.8244995126779,3320.81738534365877,3320.54241468355212,3319.71433975542868,17.8510506694457405,17.8759511889928468,17.5202936035727816,17.9293340194303212,11.7735534521569622,17.6772895550035791,17.5077953996112008,17.7355428798259957,16.268122321426631,16.3219923331399741,16.2425335976905956,16.5305090522389548,16.4897183502971849,16.480502724641493,16.4904983859396736,16.7377348892340834,17.4793917153896459,17.5013812294002449,17.2799738350473291,17.3376094052652831,17.4282560763960426,17.3288471371503085,17.3148557407849815,17.3787816214444923,3321.30247036143737,3321.75935654588192,3320.66098613105987,3322.30689281078366,3320.38539210364842,3320.47726431801084,5.00043335976624448,4.99987082841716201,0.60640818960634657,-5.00016405096516614,4.99982397048368288,4.99982397873487372,-0.00249126932662484257,-0.0023444702486054036,-0.00248403367540665993,-0.00242393752295083295,-0.00288894653320312476,-0.00223617089423399891,-0.00278513080191848022,-0.00269260679962495626,-0.00269190481306403121,-0.00263381888510425552,-0.00251646715944429727,-0.00271799506410607024,-0.00266858212103692361,-0.00279371005672140885,-0.0024063527615268655,-0.0025975031935839242,-0.00307611350602776798,-0.00292623081716531647,-0.00238150988764571688,-0.00230881302939613684,-0.00295011186785627778,-0.00264764098618065942,-0.00245402645169859671,-0.00241499080968528334,-4.7070585416699231,5.00029275891706071,-5.00091408392384196,-5.00065637306995114,4.99991771110885352,0.000021204598254759753,0.0000876209001827782175,0.00000828989799227858782,0.0000648071845903892976,0.00000772721523067545614,-0.0000140463424349401728,-0.0000215365682137834034,-0.0000372542092295307477,0.0000379528461826932019,-0.0000232371779226155154,-5.00063279766880519,-5.00154709255989171,5.00055064035444196,4.99935526994195722,4.99961300082820248,5.00076156385513926,5.00005834824183814,4.99954267101613503,-3.87646477508866782,5.00008178710937478,-0.00298191192957647424
4/23/2014 2:54:40.575 PM,144,3316.92829958721677,3320.90401986480947,3321.26999738624135,3319.33957418326053,3318.32210502367979,3319.89262427497396,3319.9848445958487,3319.98492543753036,3320.71986540110901,3317.20752327489981,3318.78527739520268,3318.0441225284776,3319.33957425086373,3318.60006271910879,3318.87764222951318,3318.78508734869865,3317.48683603488916,3321.08694640094518,3320.26091832739257,3319.15491805077272,3320.26080310188717,3319.06254026767328,3320.44437282848412,3320.35271106938125,3321.26999738624135,3320.16885602429056,3320.72025316876079,3319.89279761211037,3319.98470317146802,3319.43183773877854,3318.60010887343014,3319.70847653800319,3320.26754207310477,3320.45137070871032,3320.35942699935958,3320.91031680659489,3321.27709739079864,3320.26764300277773,3320.45142253436643,3321.27678787964941,3318.7920941387606,3320.5431773594546,3321.82540062527732,3320.81829072612299,3320.54332122535606,3319.71524977206809,17.8545575593526493,17.8820461421686012,17.534912733714826,17.9375576583831666,14.2136246592326039,17.6849818108580727,17.5114555077123022,17.7420150655740443,16.2722418882130739,16.3215437642452734,16.2382010569951767,16.5144543255431131,16.48919342115272,16.4789116826507538,16.487459663860708,16.7587575027986553,17.4873496068093566,17.498076088259122,17.2876296874379349,17.3459479233171514,17.4358346311049743,17.3392425674987365,17.3170299546641573,17.3773031926070622,3321.30314671492942,3321.76003144638343,3320.66166451491335,3322.30756596237643,3320.38607135633628,3320.47794328129293,5.00043335976624448,4.99987082841716201,0.606982808667171914,-5.00016405096516614,4.99982397048368288,4.99982397873487372,-0.00248943822902099278,-0.00235515190165164028,-0.00247899803897057682,-0.00241935956434436838,-0.00288055419921875002,-0.00222503276136834126,-0.00277704478081207363,-0.00268924947259444481,-0.00269709340938391242,-0.00264068517925361134,-0.00251631455009298198,-0.00271692687376456172,-0.00266430945981842868,-0.00277372010602059457,-0.00239506363891991547,-0.00260055516598823363,-0.00307031475845957963,-0.0029343193023855475,-0.00239570189197424758,-0.00232407468001812881,-0.00294370302624280241,-0.0026473358318555725,-0.0024407500605525519,-0.00242460474810138457,-4.70509012234483137,5.00029275891706071,-5.00091408392384196,-5.00065637306995114,4.99991771110885352,0.000021438152608872361,0.0000932533890129975518,0.0000207682474835099478,0.0000641999986330687892,0.0000192134925022661158,-0.0000114103650535786804,0.0000470624072120643861,-0.0000315328908032950901,0.0000368434975507047038,-0.0000216049465579993115,-5.00063279766880519,-5.00154709255989171,5.00055064035444196,4.99935526994195722,4.99961300082820248,5.00076156385513926,5.00005834824183814,4.99954267101613503,-3.87674201429034593,5.00008178710937478,-0.00301532946084673856
4/23/2014 2:54:41.575 PM,145,3316.92836582495783,3320.90408491568951,3321.2700623258238,3319.33963970596778,3318.32217084988315,3319.89268963160793,3319.98490992471397,3319.98499076637108,3320.71993050785931,3317.20758943058263,3318.78534308357348,3318.04418843714484,3319.33963977357098,3318.60012846266136,3318.87770789033356,3318.78515303712629,3317.48690210829408,3321.08701139623963,3320.26098357299588,3319.15498362875587,3320.2608683475255,3319.06260587327597,3320.44443801864963,3320.3527762872568,3321.2700623258238,3320.1689212976812,3320.72031827539331,3319.89286296869249,3319.98476850037559,3319.43190323383532,3318.60017461696907,3319.70854195002175,3320.26840406451083,3320.45223196612187,3320.36028862403054,3320.91117622643469,3321.27795533683865,3320.26850499378133,3320.4522837915706,3321.27764582693544,3318.79296197968415,3320.54403824986366,3321.82625635935892,3320.81915051500891,3320.54418211518987,3319.71611396171965,17.8564286827071008,17.8774507214407805,17.5328278320376896,17.9366904538903142,13.6688800591205286,17.6784848772273655,17.514924810010914,17.7425935106825889,16.2894925753177162,16.3342310402024715,16.2501277848249757,16.537415260818225,16.4919810740013126,16.47857671694738,16.4963415520169825,16.7495145763401361,17.4827129532598526,17.5005929461242076,17.2984447932975911,17.341311251046406,17.4273916054607554,17.3382587563387282,17.3293643460045814,17.3824071747435056,3321.30315321866373,3321.76003793615154,3320.66167103816451,3322.30757243533298,3320.38607788793933,3320.47794981011384,5.00043335976624448,4.99987082841716201,0.607128065530131433,-5.00016405096516614,4.99982397048368288,4.99982397873487372,-0.00249004859488894271,-0.0023528629759988753,-0.00248250772497148314,-0.00243217784844246884,-0.00288528442382812462,-0.00222610080150614396,-0.00279474248738458692,-0.00267612537602062751,-0.00268702142829237807,-0.00264221102239791273,-0.00251768803425481743,-0.00272272562133275007,-0.00266583541025360547,-0.00278302840367517217,-0.00240162353448881896,-0.00259124665015508923,-0.00307550311154690609,-0.00294759662718102177,-0.00239554928977716696,-0.00230530284975307906,-0.00294904372758736551,-0.00264962448929372159,-0.00245021139677157251,-0.00242307872613057489,-4.70304645249808484,5.00029275891706071,-5.00091408392384196,-5.00065637306995114,4.99991771110885352,0.0000344927724544346259,0.0000913814865767356071,0.00000875239828534808044,0.0000646042807403299295,0.000025046677691213697,-0.00000960728330313349368,0.0000818716181239256093,-0.0000306780513372620172,0.0000380123573197599838,-0.000020759847328095223,-5.00063279766880519,-5.00154709255989171,5.00055064035444196,4.99935526994195722,4.99961300082820248,5.00076156385513926,5.00005834824183814,4.99954267101613503,-3.8767945020643566,5.00008178710937478,-0.00297718159409986151
4/23/2014 2:54:42.575 PM,146,3316.92890234706146,3320.90461182389026,3321.27058833248429,3319.3401704361031,3318.32270403841585,3319.89321901650328,3319.98543908467218,3319.98551992613192,3320.72045786862418,3317.20812528798842,3318.78587515562821,3318.04472229365637,3319.3401705037063,3318.60066098170227,3318.8782397392174,3318.78568510964032,3317.48743729923262,3321.08753785418093,3320.26151205851101,3319.15551480663589,3320.26139683332212,3319.06313727488532,3320.44496605510221,3320.35330454816903,3321.27058833248429,3320.16945000828036,3320.72084563520547,3319.89339235316492,3319.98529766067895,3319.43243373998984,3318.60070713589902,3319.70907178354536,3320.26794694772843,3320.45177523857819,3320.35983170172858,3320.91072047335956,3321.27750036532279,3320.26804787721221,3320.45182706413697,3321.27719085475882,3318.79250176088953,3320.5435817169423,3321.82580256084975,3320.8186945662278,3320.54372558257409,3319.71565567920288,17.8542922679549107,17.8829980657164391,17.5440829441041472,17.9356186137609157,15.0121324618092657,17.6818254011817792,17.4991704159414532,17.7297357263443622,16.2741080099350022,16.3317107772713683,16.2579649790566307,16.5416713788154226,16.4927356555714972,16.4708011403194412,16.4876506699916376,16.7428074337836072,17.4955789566449056,17.5093491110105148,17.3017229470402434,17.3576787426509469,17.4402594243615248,17.3545527852869235,17.3486234331108733,17.3990008932029845,3321.3041417375598,3321.76102433147571,3320.66266252447121,3322.30855627459459,3320.38707064406389,3320.47894214326606,5.00043335976624448,4.99987082841716201,0.606906518297970376,-5.00016405096516614,4.99982397048368288,4.99982397873487372,-0.00248913304608701759,-0.00235637266199978119,-0.00247609873314374139,-0.00242576870639341861,-0.00287994384765624971,-0.00222564307001851423,-0.00277597681576028385,-0.00268268742430753616,-0.00269037875532288952,-0.00262756292821262,-0.00251509367528246182,-0.00271326450687939041,-0.00266156274903511098,-0.00278180764332703083,-0.00239124974614729697,-0.0025903310584337964,-0.00307123035018087246,-0.00293019875331109033,-0.00234076510102509614,-0.00231949618483153104,-0.00294049860543606472,-0.00263970697372840988,-0.00243098351993936961,-0.00240781850642247724,-4.7007260500027348,5.00029275891706071,-5.00091408392384196,-5.00065637306995114,4.99991771110885352,0.000036036062990433621,0.0000925485651127913422,0.0000111564839671449492,0.0000648254917046803666,0.0000325525920709217591,-0.00000693622057468212079,0.000114086429520237538,-0.0000264130130013755594,0.0000347407707076783574,-0.0000193991460409572324,-5.00063279766880519,-5.00154709255989171,5.00055064035444196,4.99935526994195722,4.99961300082820248,5.00076156385513926,5.00005834824183814,4.99954267101613503,-3.87658928097120459,5.00008178710937478,-0.00300678433869543821
4/23/2014 2:54:43.575 PM,147,3316.92956472050536,3320.90526232836146,3321.27123772394679,3319.34082565899416,3318.32336229635484,3319.89387257861017,3319.98609236907987,3319.98617321029632,3320.72110893181343,3317.20878684082117,3318.78653203520434,3318.04538137625832,3319.3408257265969,3318.60131841311158,3318.8788963432753,3318.78634198978306,3317.4880980292678,3321.08818780277715,3320.26216451027539,3319.1561705822969,3320.26204928543484,3319.06379332675351,3320.44561795247136,3320.35395672264712,3321.27123772394679,3320.17010273792584,3320.7214966972192,3319.89404591475022,3319.98595094551319,3319.43308868636313,3318.601364567171,3319.70972589951179,3320.26865221318257,3320.45247990349025,3320.36053666712632,3320.91142363480048,3321.27820232092563,3320.26875314233666,3320.45253172887942,3321.2778928113812,3318.79321181232171,3320.54428608157877,3321.82650270666499,3320.81939802961642,3320.54442994673945,3319.71636274322463,17.8500987617086721,17.8858781631533006,17.5468874810838429,17.933173650510593,18.1148165210066736,17.6823470440849526,17.5091252503683776,17.7321584247379036,16.3086579248274859,16.3543929680427489,16.2540699946200746,16.5430305938538566,16.5124502514094118,16.4894495779991352,16.509197062752758,16.7532274240145078,17.497197634796489,17.5144683153852831,17.3200893165102876,17.3728438248633132,17.4761292629816189,17.3633271053253111,17.3602114235907976,17.4096747740372208,3321.3040767020293,3321.76095943563586,3320.66259729374132,3322.30849154689485,3320.38700532980419,3320.47887685683008,5.00043335976624448,4.99987082841716201,0.606929100247254105,-5.00016405096516614,4.99982397048368288,4.99982397873487372,-0.00248623380821425509,-0.00234569100895354495,-0.00249395235323530799,-0.00241829137400285986,-0.00289138793945312471,-0.00221892967486661064,-0.00279230142440906786,-0.00269367504004375518,-0.00269404129390162905,-0.0026325982105888145,-0.00251097322279695634,-0.00270975473861443392,-0.00267544889799521853,-0.0027873010648936671,-0.00240070820022339048,-0.00259521421428069192,-0.00306024324952535766,-0.00293996598074684149,-0.00238364631840485078,-0.00231293367506407461,-0.00294492375797870271,-0.00264794614050574591,-0.00244838017040660072,-0.00242185790855392689,-4.69947777664350763,5.00029275891706071,-5.00091408392384196,-5.00065637306995114,4.99991771110885352,0.0000328716304670647559,0.0000932228771558457702,0.0000197363986448466579,0.0000642305104902205843,0.000033714039985309283,-0.00000691944062607391715,0.0000942362209915611886,-0.0000276525302271235216,0.0000322535103636051077,-0.0000203723830602330602,-5.00063279766880519,-5.00154709255989171,5.00055064035444196,4.99935526994195722,4.99961300082820248,5.00076156385513926,5.00005834824183814,4.99954267101613503,-3.876055095806056,5.00008178710937478,-0.00297565567942998646
4/23/2014 2:54:44.575 PM,148,3316.92954484878555,3320.9052428126638,3321.27121824163532,3319.34080600176275,3318.32334254808392,3319.89385297119542,3319.98607276999519,3319.98615361121892,3320.72108939935651,3317.20876699371638,3318.78651232827906,3318.04536160325051,3319.34080606936549,3318.60129868963349,3318.87887664461413,3318.7863222828405,3317.48807820684396,3321.08816830375371,3320.2621449361668,3319.1561509084845,3320.26202971131579,3319.06377364465606,3320.44559839499197,3320.35393715685586,3321.27121824163532,3320.17008315548218,3320.72147716479776,3319.89402630735139,3319.98593134641578,3319.43306903742586,3318.60134484369655,3319.70970627548376,3320.2689721950478,3320.45279961288861,3320.3608565128552,3320.91174266207235,3321.27852080110733,3320.26907312405228,3320.45285143820092,3321.27821129202493,3318.79353396559054,3320.5446056547421,3321.82682036574351,3320.81971719388229,3320.54474951968904,3319.71668354110261,17.8558454281817731,17.8795298388667589,17.5559096299975614,17.9316190811393561,17.7035705583787575,17.6820096198533108,17.5109941006056253,17.7373720544579605,16.3109847412006736,16.3628886598528638,16.2603579894074457,16.5491639323901261,16.5163012591210929,16.4974896737943766,16.5135057808813386,16.760655547174494,17.5027988133806609,17.533690401073919,17.3169379697462808,17.3777602606593042,17.482035608941878,17.3776070333011177,17.3738031936522574,17.4266135510061524,3321.30421977728383,3321.76110220353348,3320.66274079848699,3322.30863394483822,3320.38714901833827,3320.47902048414471,5.00043335976624448,4.99987082841716201,0.606887903447885235,-5.00016405096516614,4.99982397048368288,4.99982397873487372,-0.00248989600342195512,-0.00235362595121646348,-0.00248418627045017765,-0.00241844397262307512,-0.00289672851562499962,-0.00221923482919169756,-0.00279092832648533814,-0.00269764279017072322,-0.00269892467867328218,-0.00264922990086169851,-0.00251570411268772212,-0.00271723207100499267,-0.00265164407120646291,-0.00276242807280028743,-0.00239643664031805818,-0.0026017759549499574,-0.00306680499019462358,-0.00292272071980559335,-0.00236914910968215797,-0.00234223604425829856,-0.00294553412384665264,-0.0026415378996789288,-0.00245189002093946324,-0.0024070554954370724,-4.69858255492036392,5.00029275891706071,-5.00091408392384196,-5.00065637306995114,4.99991771110885352,0.0000369794394011629832,0.000103821170737517963,0.0000108481504384319535,0.0000644791821260076249,0.0000361620852608383035,-0.00000702317121747008639,0.0000929252861775277428,-0.0000276540567261700089,0.0000366008752226632054,-0.0000202381434713674277,-5.00063279766880519,-5.00154709255989171,5.00055064035444196,4.99935526994195722,4.99961300082820248,5.00076156385513926,5.00005834824183814,4.99954267101613503,-3.87554211936354553,5.00008178710937478,-0.00303455598568716468
4/23/2014 2:54:45.575 PM,149,3316.9306112684244,3320.90629012311092,3321.27226376012504,3319.34186090892444,3318.32440234171008,3319.89490520447452,3319.98712455617533,3319.98720539700707,3320.7221376093471,3317.20983209216092,3318.78756990272359,3318.04642272459341,3319.34186097652673,3318.60235715253611,3318.87993377547081,3318.78737985819771,3317.48914198057582,3321.08921471923668,3320.26319538178131,3319.15720670561222,3320.26308015749009,3319.06482988648122,3320.44664794802247,3320.3549871560358,3321.27226376012504,3320.17113404848805,3320.72252537289614,3319.89507853979012,3319.98698313328168,3319.43412349938989,3318.60240330637816,3319.71075940048376,3320.26937706848639,3320.4532041415664,3320.36126121403685,3320.9121463276333,3321.27892377441639,3320.26947799730214,3320.45325596678139,3321.27861426591926,3318.79394158657896,3320.54501001103699,3321.82722230008403,3320.82012103278612,3320.54515387571382,3319.71708944706915,17.8479750766186491,17.8790359468569129,17.5445341546455147,17.9294520814474119,18.5518724270305348,17.6792335194936747,17.5044905201341372,17.7307193990168415,16.3091205239795407,16.3623945817605936,16.2691549825698871,16.5543034927802068,16.5209096701003162,16.4996610104527086,16.5196385977910367,16.7512535012277475,17.5023678124723219,17.5238995556155856,17.3159736581913393,17.3663704576079105,17.4806910463972151,17.3792308547858418,17.3568583544264392,17.441553120417911,3321.30514325950616,3321.76202370185956,3320.66366705294149,3322.30955305522411,3320.38807645908946,3320.47994752974409,5.00043335976624448,4.99987082841716201,0.607557885470212389,-5.00016405096516614,4.99982397048368288,4.99982397873487372,-0.00249294783276170521,-0.00235728823226088752,-0.00248647519610294262,-0.00242286933260932444,-0.00289733886718749993,-0.00223052553921989846,-0.00278848726350981908,-0.00270191575184591977,-0.00270380806344493489,-0.00264495754005765514,-0.00251906151841665288,-0.00271463789446132944,-0.00266873471608044133,-0.00277433048619466546,-0.00241184476711943591,-0.00260238634943081972,-0.00306939916673828681,-0.002933403624813446,-0.00234290153178423003,-0.00230545546625929862,-0.0029539266545309654,-0.00264321624846690492,-0.00245585767806356849,-0.00240903932399912524,-4.69805030630167675,5.00029275891706071,-5.00091408392384196,-5.00065637306995114,4.99991771110885352,0.0000371855167724388099,0.000102165902487033668,-0.00000146382105958298813,0.0000643937489259826228,0.0000298145663699871774,-0.00000482499794979537034,0.000113318792487107365,-0.0000266190903726513896,0.0000311731543368542721,-0.0000200825475842731743,-5.00063279766880519,-5.00154709255989171,5.00055064035444196,4.99935526994195722,4.99961300082820248,5.00076156385513926,5.00005834824183814,4.99954267101613503,-3.87618570491812919,5.00008178710937478,-0.00298450598451526199
4/23/2014 2:54:46.575 PM,150,3316.93071724725905,3320.9063942028265,3321.27236766175156,3319.34196574362022,3318.3245076620351,3319.89500977343323,3319.98722908070067,3319.9873099214933,3320.72224177846146,3317.20993793969228,3318.78767500250069,3318.04652817687019,3319.34196581122296,3318.6024623406106,3318.88003883116334,3318.7874849580653,3317.48924769645373,3321.08931871000822,3320.26329977307705,3319.15731162875499,3320.26318454884176,3319.06493485381906,3320.44675225061155,3320.35509150296411,3321.27236766175156,3320.17123848424717,3320.72262954182224,3319.8951831086656,3319.98708765787478,3319.43422828984103,3318.60250849443082,3319.71086405806363,3320.26957950223777,3320.45340640292306,3320.36146356165272,3320.91234815739653,3321.27912525802639,3320.26968043095894,3320.4534582280894,3321.27881574982211,3318.79414539421532,3320.54521218619538,3321.82742326416792,3320.82032294922783,3320.5453560507367,3319.71729239712567,17.8482226575651523,17.8871967394680489,17.5615989004967581,17.9258205340694907,20.6268845176477384,17.6785681440753421,17.5047382446970197,17.7238955540474947,16.3047249930876106,16.3776435850509792,16.2595785609615824,16.5508208760388271,16.5250418649146304,16.5123991022724361,16.52361899035078,16.758125225979942,17.5004830826160678,17.5237651298865451,17.3097494591707104,17.3513955368627819,17.4541447162668675,17.3793247187433302,17.353147171459554,17.4106009460407947,3321.30489612963992,3321.76177710288448,3320.66341918122498,3322.30930709526228,3320.38782826992019,3320.47969944631722,5.00043335976624448,4.99987082841716201,0.608175379718528863,-5.00016405096516614,4.99982397048368288,4.99982397873487372,-0.00249386338156363033,-0.00235255778591183986,-0.00248021879931871817,-0.00244331754771819933,-0.00289703369140624978,-0.00222930492191955251,-0.00278955522856160886,-0.00269535370355901112,-0.00269984031331796685,-0.00264831439497511785,-0.00251661976879561213,-0.00271295930963895904,-0.0026635464846008405,-0.00278257061854461944,-0.00240330164730877087,-0.0025996395742669408,-0.00306970436397871775,-0.00293569281874370017,-0.0023963123007625718,-0.00231568077217603327,-0.00294721262998351528,-0.00265801623323360086,-0.00245051660116573419,-0.0024159064228677688,-4.69851371519365735,5.00029275891706071,-5.00091408392384196,-5.00065637306995114,4.99991771110885352,0.000030126985181479984,0.0000990887816932762542,0.0000160867676193378902,0.0000643205204688183469,0.0000262401760736723585,-0.00000495618663891405539,0.0000942591127519924961,-0.0000282035963829055581,0.0000323282807665864526,-0.0000200932257333874865,-5.00063279766880519,-5.00154709255989171,5.00055064035444196,4.99935526994195722,4.99961300082820248,5.00076156385513926,5.00005834824183814,4.99954267101613503,-3.87753787542185524,5.00008178710937478,-0.00301716055845058879
4/23/2014 2:54:47.575 PM,151,3316.93084309973801,3320.90651780033931,3321.27249104780548,3319.34209023757785,3318.32463273261601,3319.89513395186122,3319.98735320636888,3319.98743404711513,3320.72236548212458,3317.21006363626429,3318.78779981120897,3318.04665340412748,3319.34209030518013,3318.60258725416042,3318.88016358752611,3318.78760976688136,3317.48937323670406,3321.08944220191188,3320.2634237405532,3319.15743622773243,3320.26330851638385,3319.06505950527253,3320.44687611275867,3320.35521541775915,3321.27249104780548,3320.17136250451722,3320.72275324526162,3319.89530728699401,3319.98721178362438,3319.43435273126351,3318.60263340795472,3319.71098834171834,3320.26997131927601,3320.45379788634045,3320.36185521199968,3320.91273880558628,3321.27951523633328,3320.27007224781391,3320.45384971141265,3321.27920572869516,3318.79453987002216,3320.54560350279962,3321.82781223707797,3320.82071376515932,3320.54574736707991,3319.71768521332796,17.8463491791307653,17.883039565020443,17.5547781077800025,17.9231096444208688,20.0115672894469512,17.6859756138343904,17.5024077570549146,17.7217941954238505,16.2994241134687243,16.3492674403217215,16.2570931558078264,16.5729257142379112,16.5183673182830297,16.5117411758173489,16.5105445450919177,16.7540416615456991,17.4911089116837353,17.5108150967132481,17.2939782206845081,17.3575467616793659,17.4356352005216095,17.3720038351556525,17.33334695162511,17.4156857402728953,3321.30541640384308,3321.76229625943233,3320.66394101720288,3322.3098249065315,3320.38835077421481,3320.48022172799756,5.00043335976624448,4.99987082841716201,0.608597875783166486,-5.00016405096516614,4.99982397048368288,4.99982397873487372,-0.0024801301495347549,-0.00233439897573323781,-0.00248220253488444769,-0.00242134334640716972,-0.00289031982421874981,-0.00222747399596903315,-0.0027771973472480436,-0.00269687976130015238,-0.00269541474586865648,-0.00263885416748044959,-0.00251204148825616121,-0.00271784246548585455,-0.00267193921199431221,-0.00278653808967607849,-0.00240116586735610472,-0.00259185704463595111,-0.00307977587291293972,-0.00294149211003367746,-0.00237036992725880554,-0.00230469238372819907,-0.00295316369719602788,-0.00265603273012053826,-0.00244151307153795674,-0.00242231571514517005,-4.70019624359164734,5.00029275891706071,-5.00091408392384196,-5.00065637306995114,4.99991771110885352,0.0000314672513442961269,0.0000994350912719489959,0.0000357208972224827215,0.0000637743582258014017,0.0000367252577712311976,-0.00000744114448280171246,0.0000629676023597437176,-0.0000302277341185481614,0.0000352061783180724337,-0.0000214112144240682318,-5.00063279766880519,-5.00154709255989171,5.00055064035444196,4.99935526994195722,4.99961300082820248,5.00076156385513926,5.00005834824183814,4.99954267101613503,-3.87861234898168838,5.00008178710937478,-0.00298038601490659919
4/23/2014 2:54:48.575 PM,152,3316.93094245388238,3320.90661537396727,3321.27258845446658,3319.34218851903688,3318.32473146937582,3319.89523198417828,3319.98745119702744,3319.98753203773731,3320.72246313956839,3317.21016286730537,3318.7878983411947,3318.04675226459812,3319.34218858663916,3318.60268586692882,3318.88026207617986,3318.78770829695167,3317.48947234431352,3321.08953969215053,3320.26352160630313,3319.15753459211464,3320.26340638218607,3319.06515791108995,3320.44697389534167,3320.35531324191197,3321.27258845446658,3320.17146041195337,3320.72285090252944,3319.8954053192333,3319.98730977434661,3319.43445097124094,3318.6027320207022,3319.71108645712274,3320.27046761463589,3320.45429375908452,3320.36235129620263,3320.91323362030289,3321.28000920247313,3320.27056854294187,3320.45434558403758,3321.27969969555169,3318.79503953338735,3320.54609916423305,3321.82830492962739,3320.82120879236345,3320.54624302818183,3319.71818277438251,17.8520932708730768,17.8706013951815521,17.5450020823300825,17.9226175222332351,19.6798496825910654,17.6790926914963045,17.5029805567871612,17.7339249984263176,16.2991602565511187,16.3377331453837158,16.2456333926906495,16.5530969430129318,16.5201590822473214,16.5062980666267229,16.5134792995508555,16.7434985741312232,17.4827312001018349,17.4815104877838081,17.270143883976754,17.3211608389995497,17.4334222588008991,17.3486285327085987,17.314238146305648,17.4105047469490053,3321.30567653722801,3321.7625558339414,3320.66420193154317,3322.31008380834282,3320.3886120227421,3320.48048286520816,5.00043335976624448,4.99987082841716201,0.609245886179163532,-5.00016405096516614,4.99982397048368288,4.99982397873487372,-0.00249294783276170521,-0.00236064532321827612,-0.00249074785732143712,-0.00243446682774570112,-0.00290313720703124986,-0.00222426987555562504,-0.00279153859222921802,-0.00270267878071649061,-0.00269297305348283013,-0.00264480495574322475,-0.00251997717452454289,-0.00272028404340930253,-0.0026786533939090894,-0.00279020037072050253,-0.00240467464870691358,-0.0025958246087615538,-0.00306360041917009803,-0.00292439946202111304,-0.0023796786612807451,-0.00231629123820091282,-0.00296003031321046602,-0.00265877911904631708,-0.00245585767806356849,-0.00242475735029846562,-4.7017606301970174,5.00029275891706071,-5.00091408392384196,-5.00065637306995114,4.99991771110885352,0.0000352834989605152195,0.0000977386320143098159,0.0000422615366805776852,0.0000638491122758232734,0.000036436803558590932,-0.0000110229007857165176,0.0000186247362869198307,-0.0000342912745802982508,0.0000285699235718303658,-0.0000221510576127026761,-5.00063279766880519,-5.00154709255989171,5.00055064035444196,4.99935526994195722,4.99961300082820248,5.00076156385513926,5.00005834824183814,4.99954267101613503,-3.87983787747254061,5.00008178710937478,-0.00297626604529793682
4/23/2014 2:54:49.575 PM,153,3316.93143923152501,3320.90710324965812,3321.27307549538045,3319.34267993363118,3318.32522516031304,3319.89572215315365,3319.98794115772307,3319.98802199825058,3320.72295143430847,3317.2106590294743,3318.78839099833385,3318.04724657404767,3319.34268000123347,3318.60317893795308,3318.88075452667499,3318.78820095451601,3317.48996788936938,3321.09002715092538,3320.26401094250104,3319.15802642129665,3320.26389571864501,3319.06564994743303,3320.44746281573225,3320.35580237013982,3321.27307549538045,3320.171949956567,3320.72333919638777,3319.89589548781714,3319.98779973536193,3319.43494217844136,3318.60322509162324,3319.71157704150346,3320.27085942150097,3320.454685232281,3320.36274293635278,3320.91362425815305,3321.28039917034493,3320.27096034962414,3320.45473705713993,3321.28008966399011,3318.79543399939984,3320.54649047059319,3321.82869389195912,3320.82159959797945,3320.54663433428049,3319.71857558055398,17.8417781465914906,17.8754225922902954,17.5380288683891052,17.9133652199832944,16.2158779882794164,17.6775227148893279,17.5132022900804962,17.7290102569356769,16.2967521143401655,16.3394364056176009,16.2326381959504502,16.5348541396375914,16.5042695051993711,16.4953587349942055,16.4932443701391733,16.7466482802673511,17.4809540230571052,17.4811033710272952,17.2765878336999705,17.3156549575236127,17.4133009390020739,17.3265270091583154,17.2867374136637828,17.3878779563812316,3321.30671707971441,3321.76359414104126,3320.66524559768777,3322.31111942479174,3320.38965702556606,3320.48152742278853,5.00043335976624448,4.99987082841716201,0.609890539798915721,-5.00016405096516614,4.99982397048368288,4.99982397873487372,-0.00248501307647835479,-0.0023595771579136525,-0.00249120564245198985,-0.00242378492433061726,-0.00289428710937499967,-0.00222869461326937954,-0.00278436796973863081,-0.00270130532874946318,-0.00269282044770871587,-0.00264861956360397822,-0.00251677237814692742,-0.00272074183926994872,-0.00267926377408315986,-0.00278196023837054855,-0.00239964031024705741,-0.00260253894805103497,-0.00307412972396496663,-0.0029317248825979263,-0.00239890653811294843,-0.00232071711688129059,-0.00295621552653577797,-0.00265298118686967338,-0.00244853277260368178,-0.00241636422945901196,-4.70264837265938773,5.00029275891706071,-5.00091408392384196,-5.00065637306995114,4.99991771110885352,0.0000332349372401288096,0.0000909604229480409801,0.0000492310955523773679,0.0000639482758115665705,0.0000356141748780983253,-0.0000082252257177668787,0.0000590103800398499783,-0.0000312153790016256615,0.0000284966790954404778,-0.0000213395182800149949,-5.00063279766880519,-5.00154709255989171,5.00055064035444196,4.99935526994195722,4.99961300082820248,5.00076156385513926,5.00005834824183814,4.99954267101613503,-3.88156875336898288,5.00008178710937478,-0.0029999177226810005
4/23/2014 2:54:50.575 PM,154,3316.93173729955788,3320.90739597665151,3321.27336772151966,3319.34297478391408,3318.32552137636821,3319.89601625608338,3319.98823513568868,3319.98831597610615,3320.7232444127253,3317.21095672823185,3318.78868659412501,3318.04754316120079,3319.34297485151637,3318.60347478206949,3318.88104999848337,3318.78849655056228,3317.49026521786845,3321.09031962777544,3320.26430454577666,3319.15832152032589,3320.26418932207707,3319.06594517075564,3320.44775616953029,3320.35609584863686,3321.27336772151966,3320.1722436848895,3320.72363217427573,3319.89618959051222,3319.98809371351899,3319.43523690429128,3318.60352093567826,3319.7118713936702,3320.2711467547956,3320.45497232092429,3320.36303014740906,3320.91391073430486,3321.28068515525728,3320.27124768278463,3320.4550241457141,3321.28037564931719,3318.79572328242829,3320.54677743690854,3321.82897913959186,3320.82188619714043,3320.54692130040393,3319.71886364655756,17.8395879891086295,17.874144184856263,17.5442837705332302,17.912543679629497,18.145746301358475,17.6755598856945646,17.4978506238872811,17.7224861681725123,16.2936462284211707,16.3131791626188516,16.216964547034987,16.5093665723896201,16.4868438863966062,16.4851683882302247,16.482214140524178,16.7211570161094656,17.4677234224320514,17.4632310549778324,17.2618304533572413,17.3012058793230281,17.401286149480601,17.317403666042054,17.280355707853829,17.3854539626019999,3321.30673008484745,3321.76360711821007,3320.66525864189588,3322.31113236830196,3320.38967008649569,3320.48154047814841,5.00043335976624448,4.99987082841716201,0.610750790002031141,-5.00016405096516614,4.99982397048368288,4.99982397873487372,-0.00248989600342195512,-0.00236842767043767694,-0.00249044266723440167,-0.00242836288293708184,-0.00289367675781249979,-0.00222701626448140342,-0.00278818213063787915,-0.00269443806891432602,-0.00269404129390162905,-0.00265289192440802159,-0.00251967195582191274,-0.00272470940339555141,-0.00267041326155913542,-0.00278760625498070212,-0.00240818343005772245,-0.00259612980600198474,-0.003066041997093546,-0.00294378130396393163,-0.00239570189197424758,-0.00232499037905544792,-0.00295957253880950325,-0.00265755850174597113,-0.00244776976161827694,-0.00242323132832765595,-4.70430892118898391,5.00029275891706071,-5.00091408392384196,-5.00065637306995114,4.99991771110885352,0.0000339264413081877132,0.0000918925601840279831,0.0000436871976499734181,0.0000639955691901518388,0.0000213486641609101944,-0.0000107910324049486082,0.000026577333860759493,-0.0000342363206146246952,0.0000289636126324260077,-0.0000228298828063982023,-5.00063279766880519,-5.00154709255989171,5.00055064035444196,4.99935526994195722,4.99961300082820248,5.00076156385513926,5.00005834824183814,4.99954267101613503,-3.88292290742230861,5.00008178710937478,-0.00302219607686117628
4/23/2014 2:54:51.575 PM,155,3316.9318962672969,3320.90755209566486,3321.27352357339486,3319.3431320354166,3318.32567935632641,3319.89617310897392,3319.98839192192736,3319.98847276228616,3320.7234006658391,3317.21111549901206,3318.78884424325633,3318.04770133909005,3319.34313210301888,3318.60363256364826,3318.88120758148579,3318.78865419982958,3317.49042379116554,3321.09047561337092,3320.26446113216889,3319.1584789045014,3320.26434590855296,3319.06610262122467,3320.44791262285934,3320.35625236847636,3321.27352357339486,3320.17240033797679,3320.72378842710713,3319.89634644327725,3319.98825049985998,3319.4353940894257,3318.60367871722382,3319.71202837949476,3320.27162345889064,3320.45544861908229,3320.36350664868086,3320.91438601619211,3321.28115962205765,3320.27172438665684,3320.45550044375795,3321.28085011680696,3318.79620322160553,3320.54725353209551,3321.82945238306592,3320.82236168312874,3320.54739739527303,3319.71934156639463,17.8415889992043333,17.8668633000968704,17.5421007159958755,17.9092201833100084,18.4882433082302562,17.6667585797233038,17.5057861627525675,17.726159969742902,16.2766181117127644,16.3089383638339704,16.2012990415787321,16.5039850729561408,16.4780327885721256,16.4828307939561469,16.4746961974926123,16.7252923106004054,17.4686494023527636,17.4587538214351632,17.2511094040217152,17.2853882723628764,17.3847055820357248,17.3097283857648172,17.27595420205121,17.3742047154250869,3321.30719182476195,3321.76406786616098,3320.66572176794852,3322.31159192226368,3320.39013380570622,3320.4820039997794,5.00043335976624448,4.99987082841716201,0.612276139643844863,-5.00016405096516614,4.99982397048368288,4.99982397873487372,-0.00249706780237036801,-0.00236415500921918244,-0.00248876412175570759,-0.00242943107327859035,-0.00290603637695312483,-0.00223006780773226873,-0.00278238460607102165,-0.00269871103058952257,-0.00269221002461225928,-0.00266082630875838847,-0.00252501328311793881,-0.00272013144478908684,-0.00267575408808225397,-0.00277280453575948866,-0.00239277530325634428,-0.00260803249837879237,-0.00306360041917009803,-0.00292088936466138992,-0.00241813441494515133,-0.00230530284975307906,-0.00295896217294155332,-0.00265526984430782204,-0.00246348778791761732,-0.00242536775908678941,-4.70649072840306992,5.00029275891706071,-5.00091408392384196,-5.00065637306995114,4.99991771110885352,0.0000373763291532497639,0.0000929955638200649768,0.0000441542771538653802,0.0000640825279830344231,0.000026565259392679642,-0.00000768521646255740563,0.000068170136447101115,-0.0000310627290969768996,0.0000427320482671333425,-0.0000213181619817863739,-5.00063279766880519,-5.00154709255989171,5.00055064035444196,4.99935526994195722,4.99961300082820248,5.00076156385513926,5.00005834824183814,4.99954267101613503,-3.88416781366693753,5.00008178710937478,-0.00298481116744923718
4/23/2014 2:54:52.575 PM,156,3316.93313489900447,3320.90876853178861,3321.27473792813634,3319.34435729522647,3318.32691029183024,3319.89739526303265,3319.98961355667506,3319.98969439657867,3320.72461814679536,3317.21235259613467,3318.79007260115122,3318.04893381675492,3319.3443573628283,3318.60486195349949,3318.88243542414738,3318.78988255878403,3317.49165934961593,3321.09169100998178,3320.2656812098312,3319.1597051980184,3320.26556598686602,3319.06732943126417,3320.44913166377364,3320.3574719275989,3321.27473792813634,3320.17362093529072,3320.72500590586469,3319.89756859636054,3319.98947213540441,3319.43661883213235,3318.60490810681813,3319.7132515692997,3320.27211975221962,3320.45594448978681,3320.36400273084882,3320.91488082884461,3321.28165358611477,3320.2722206797539,3320.45599631434288,3321.28134408158121,3318.79670288301622,3320.5477491914844,3321.82994507350395,3320.82285670827377,3320.54789305433041,3319.71983912544738,17.8414011714058773,17.8770230212035024,17.5398582994254148,17.9034794954168745,19.7254987232037919,17.6743305455107134,17.5099343960375933,17.7196610611567422,16.2915789972286902,16.2830866648568637,16.1791765417683706,16.4835463229971673,16.4645159374272509,16.4712182770350495,16.4683375396090668,16.7219824067171743,17.4693607297583426,17.4555079902324195,17.2433709212593094,17.2743789953001929,17.3743039834223367,17.3009245839832495,17.2682938933744836,17.3653279469185371,3321.3074909805623,3321.764366379286,3320.66602182180349,3322.31188966182389,3320.39043424385818,3320.48230430992362,5.00043335976624448,4.99987082841716201,0.613087869172148192,-5.00016405096516614,4.99982397048368288,4.99982397873487372,-0.00249355819862965558,-0.00235347335617294576,-0.0024863226010594249,-0.00243202524982225358,-0.00288909912109374962,-0.00223113584787007144,-0.00277887557804371282,-0.00269947405946009298,-0.00269175220728991695,-0.00264724630477410679,-0.00252852329819818443,-0.00272852436890093841,-0.00267148142686375904,-0.00279660936254824428,-0.00241214987854124511,-0.00259933437702650986,-0.00307275633638302717,-0.0029366084963158021,-0.00237204855142669627,-0.00232178543242482971,-0.00294889113612037792,-0.00265191314673187024,-0.00245189002093946324,-0.00240888672180204419,-4.70910862231161786,5.00029275891706071,-5.00091408392384196,-5.00065637306995114,4.99991771110885352,0.0000349278246826835988,0.0000927682504842841834,0.0000463553511558660692,0.0000639559037758545226,0.0000211838331822586125,-0.000011811558370302102,0.00000467754971479918769,-0.0000359215755619470446,0.0000399334988984030706,-0.0000223585187954950162,-5.00063279766880519,-5.00154709255989171,5.00055064035444196,4.99935526994195722,4.99961300082820248,5.00076156385513926,5.00005834824183814,4.99954267101613503,-3.88377659665367281,5.00008178710937478,-0.00298099638077454956
4/23/2014 2:54:53.575 PM,157,3316.93269111291329,3320.90833269828454,3321.27430284038291,3319.34391830023196,3318.32646926325742,3319.89695738081582,3319.98917586052539,3319.98925670059225,3320.7241819389319,3317.21190935987942,3318.78963249612525,3318.04849223563223,3319.34391836783379,3318.604421478728,3318.88199550372746,3318.78944245337834,3317.49121666466044,3321.0912555489308,3320.26524407157876,3319.15926583265081,3320.2651288483803,3319.06688988082851,3320.44869489698385,3320.35703497513714,3321.27430284038291,3320.17318361084926,3320.72456969878931,3319.89713071449341,3319.98903443896915,3319.43618002241373,3318.60446763213849,3319.71281331597947,3320.27233524915163,3320.45615980321554,3320.36421813609467,3320.91509568286983,3321.2818680716814,3320.27243617658496,3320.45621162771976,3321.28155856745888,3318.79691984236114,3320.54796441316011,3321.83015900606824,3320.82307165456268,3320.54810827586243,3319.72005517195339,17.8409753152311126,17.875988176257632,17.5357033324847968,17.9065525990852201,19.510659057513763,17.6688834178999805,17.501977100622188,17.7181707436033449,16.267782100747258,16.2769486019998375,16.173037713117484,16.4838052891601414,16.4538073740450486,16.4631752861655514,16.4586934726242902,16.6982574699206481,17.4709896367776132,17.4362092313202481,17.2309168560684931,17.267559524148318,17.3744078248972684,17.2766717023381595,17.2608664643719045,17.3752515001202177,3321.30842096148535,3321.76529436228065,3320.66695459456741,3322.31281523998814,3320.39136821130978,3320.48323787942808,5.00043335976624448,4.99987082841716201,0.613935150012499431,-5.00016405096516614,4.99982397048368288,4.99982397873487372,-0.00249081155222388023,-0.00233836644686469686,-0.00248739076636404852,-0.00241523940159855,-0.00289108276367187498,-0.00223342450530822053,-0.00277567168288834392,-0.00270130532874946318,-0.00268824227448529124,-0.00262878360272806103,-0.00251921412776796774,-0.00271311190825917472,-0.0026659880052971232,-0.00280103461881025693,-0.00239353808181086815,-0.00259994477150737174,-0.0030791654784320774,-0.00292134720344744067,-0.00237815263930993542,-0.00230637116529661818,-0.00294019342250208997,-0.0026571007702583414,-0.00244975359018032935,-0.00241071794816701598,-4.7102631759542195,5.00029275891706071,-5.00091408392384196,-5.00065637306995114,4.99991771110885352,0.0000400980769531372232,0.0000986982299217334224,0.0000502522595657882283,0.0000639970947830094346,0.0000171256334393461009,-0.0000119732560568902503,0.0000144218090717299579,-0.0000349751461531247078,0.000028734723643707612,-0.0000226193707238589139,-5.00063279766880519,-5.00154709255989171,5.00055064035444196,4.99935526994195722,4.99961300082820248,5.00076156385513926,5.00005834824183814,4.99954267101613503,-3.88363652753581867,5.00008178710937478,-0.00300388510082267527
4/23/2014 2:54:54.575 PM,158,3316.93357868413795,3320.90920436424767,3321.27517301483612,3319.34479628921053,3318.32735131941535,3319.89783314422675,3319.99005125180019,3319.99013209154054,3320.72505435361699,3317.21279583142677,3318.79051270517902,3318.04937539689581,3319.34479635681236,3318.60530242727691,3318.88287534356732,3318.79032266319154,3317.49210203360189,3321.09212646998321,3320.26611834705318,3319.16014456238008,3320.26600312432083,3319.06776898069574,3320.44956842952842,3320.35790887902794,3321.27517301483612,3320.17405825870355,3320.72544211189915,3319.8980064772054,3319.98990983081512,3319.4370576408387,3318.60534858050323,3319.71368982160129,3320.27245932325922,3320.45628377167076,3320.36434215741383,3320.91521938682126,3321.28199156349092,3320.27256025063525,3320.45633559614543,3321.28168205944848,3318.79704475846074,3320.5480883287887,3321.83028217948413,3320.82319541163542,3320.5482321914078,3319.72017956248146,17.8396355325781712,17.8712236882819262,17.5336018763895147,17.9017134455205955,19.6453367123702698,17.6683798675433792,17.4974418311825879,17.7173634563120572,16.2618737867634024,16.2644121594012425,16.1676592712127558,16.4798754346927865,16.4478193769168683,16.4547504870508696,16.4549135203208259,16.7183873996582868,17.4647525349691079,17.4341574125059928,17.2279507530002505,17.2611700528726253,17.3499040067343451,17.2807097987836258,17.256683654913104,17.3568392145251593,3321.30860305810665,3321.76547606773101,3320.66713723779776,3322.31299647460082,3320.39155108844579,3320.48342067865132,5.00043335976624448,4.99987082841716201,0.614962781285642856,-5.00016405096516614,4.99982397048368288,4.99982397873487372,-0.00249691521090338042,-0.00237849894330984272,-0.00250112432028063835,-0.00242943107327859035,-0.00289230346679687474,-0.00221755648040372145,-0.00277658708150416373,-0.00269169116498027116,-0.00268213804352072536,-0.00264633079888752613,-0.00251875629971402273,-0.00272364121305404333,-0.00267300737729893583,-0.00276792149436692328,-0.00240177609019972356,-0.00260589611769577578,-0.00307138294880108772,-0.00294149211003367746,-0.00236319762399599988,-0.00235124041812527366,-0.00295545256920084045,-0.00264443686576725087,-0.00245356864510735398,-0.00241651683165609301,-4.71056738343831505,5.00029275891706071,-5.00091408392384196,-5.00065637306995114,4.99991771110885352,0.0000377381094272673338,0.000100065161122133347,0.0000464789898480727615,0.000063920815140129967,0.0000302815874761666552,-0.00000326293727935893016,0.000188626579836693233,-0.000022447168478600683,0.0000294595387746492034,-0.0000183099748312974482,-5.00063279766880519,-5.00154709255989171,5.00055064035444196,4.99935526994195722,4.99961300082820248,5.00076156385513926,5.00005834824183814,4.99954267101613503,-3.88318855048786782,5.00008178710937478,-0.00302906269287561442
4/23/2014 2:54:55.575 PM,159,3316.93389000021989,3320.90951010196386,3321.27547822944325,3319.34510424456402,3318.32766070122761,3319.89814031901869,3319.99035829607464,3319.99043913570085,3320.72536035392886,3317.21310676182474,3318.79082143916684,3318.04968516629605,3319.3451043121654,3318.60561142062397,3318.88318394806265,3318.79063139744585,3317.49241257728908,3321.09243194644113,3320.26642499998888,3319.16045277753255,3320.26630977742024,3319.06807732566449,3320.44987482190117,3320.35821540164079,3321.27547822944325,3320.17436504224224,3320.7257481116585,3319.89831365175177,3319.99021687528966,3319.43736546622994,3318.60565757378617,3319.71399725670517,3320.27386331302068,3320.45768656585733,3320.36574554981552,3320.9166191878603,3321.28338896391642,3320.2739642397405,3320.45773838999457,3321.28307946190261,3318.79845827626923,3320.5494905251794,3321.83167597693818,3320.82459581379953,3320.54963438686172,3319.72158713287808,17.8466051039265814,17.8785766632051306,17.5335741728732337,17.8971218490994843,20.1452811669343426,17.6669070939006438,17.4990883332590172,17.7070711547198556,16.2500471137491829,16.2579878256439016,16.1736489282810574,16.4544964700794729,16.4511430776657903,16.4537328319459526,16.455266824968799,16.7165325355993062,17.4656923318001596,17.4309876770836389,17.2312506324740155,17.2571628348071933,17.3523662524562852,17.2740376421188415,17.2586890116266076,17.3473536254330582,3321.30890221187746,3321.76577457879966,3320.66743728966002,3322.31329421207328,3320.39185152462096,3320.48372098681284,5.00043335976624448,4.99987082841716201,0.614988262268956198,-5.00016405096516614,4.99982397048368288,4.99982397873487372,-0.00247524722259115457,-0.00235210000078128669,-0.0024754883529696705,-0.00241600239469962758,-0.0028849792480468749,-0.00221862452054152415,-0.00277948584378759269,-0.00268131397234050873,-0.00268778445716294891,-0.00264755147340296716,-0.00251997717452454289,-0.00271356970411982135,-0.00266614060034064092,-0.00277722979202150088,-0.00239674175173986738,-0.00259719799634349326,-0.00306344782054988277,-0.00292623081716531647,-0.00237632141294496363,-0.00230087697107270129,-0.00295163778252615283,-0.00264230078549164502,-0.00246058834617307902,-0.00241911106900646964,-4.71155479849833547,5.00029275891706071,-5.00091408392384196,-5.00065637306995114,4.99991771110885352,0.0000383883980210710706,0.000100707435715178398,0.0000334373974256775642,0.000064360185883115663,0.0000395823280678585864,0.00000349480566012683914,0.000248993678211439299,-0.0000174585695946790888,0.0000336100591034094751,-0.0000169904606907432288,-5.00063279766880519,-5.00154709255989171,5.00055064035444196,4.99935526994195722,4.99961300082820248,5.00076156385513926,5.00005834824183814,4.99954267101613503,-3.88425997243293297,5.00008178710937478,-0.00300815766189832566
4/23/2014 2:54:56.575 PM,160,3316.93375090203198,3320.90937349628211,3321.27534185749527,3319.34496664800508,3318.32752246730342,3319.89800307122777,3319.99022110660098,3319.99030194627812,3320.72522363091502,3317.21296783596699,3318.79068349470162,3318.04954675919134,3319.34496671560691,3318.60547336027275,3318.88304606145675,3318.79049345286148,3317.49227382421986,3321.09229545749394,3320.26628798537194,3319.16031506489162,3320.26617276273009,3319.06793955501916,3320.44973792370819,3320.35807844525425,3321.27534185749527,3320.17422796926985,3320.72561138889159,3319.89817640407045,3319.99007968572686,3319.43722792774042,3318.6055195134636,3319.71385989260261,3320.27370658706877,3320.45752997335785,3320.36558889054185,3320.91646292946143,3321.28323297347878,3320.27380751386181,3320.45758179753238,3321.28292347123851,3318.79830048677786,3320.54933399940682,3321.83152038867137,3320.82443948830177,3320.54947786119373,3319.72143000724827,17.8428219397217269,17.8795850378498997,17.5345828731624067,17.8950876193500115,19.6611199551978473,17.6592425633347147,17.4979663869842987,17.7138580236439331,16.2608001863809797,16.2589972586633351,16.1840263445756633,16.4928100200616221,16.4548182730035677,16.4628916760497148,16.4671697516957529,16.710536835885506,17.4725043207642798,17.4435072527281001,17.2164445988358459,17.2473054217043895,17.3738673011014342,17.287701574464922,17.2743298519411006,17.3503601551185582,3321.30930542098667,3321.76617692168201,3320.66784170920709,3322.31369551231137,3320.39225646213981,3320.48412575179691,5.00043335976624448,4.99987082841716201,0.615387260899879718,-5.00016405096516614,4.99982397048368288,4.99982397873487372,-0.00248150347273764236,-0.00234263910808319136,-0.00249044266723440167,-0.00242683689673492712,-0.00289321899414062478,-0.00223388223679585026,-0.00278375770399475094,-0.0027055782904246593,-0.00269678819783568391,-0.00263870158316601962,-0.00251997717452454289,-0.00272821917166050747,-0.00267850079886557168,-0.00279126853602512616,-0.00240452209299600855,-0.00260284414529146592,-0.00307596090740755229,-0.00296697846912384079,-0.00237906825249242131,-0.00229568800986122441,-0.00294110897130401509,-0.00265084510659406754,-0.00245021139677157251,-0.00241621162726193091,-4.7121323805955857,5.00029275891706071,-5.00091408392384196,-5.00065637306995114,4.99991771110885352,0.0000384647229733954549,0.0000997325818791789006,0.0000311065791170402214,0.0000643617114759732453,0.000028929362966117581,-0.00000182291259880033741,0.000122017661451007974,-0.0000265091824413042817,0.000042405499976561764,-0.0000193671115936142959,-5.00063279766880519,-5.00154709255989171,5.00055064035444196,4.99935526994195722,4.99961300082820248,5.00076156385513926,5.00005834824183814,4.99954267101613503,-3.88551082932636005,5.00008178710937478,-0.00300174882028485029
4/23/2014 2:54:57.575 PM,161,3316.93453912121913,3320.91014759091558,3321.27611462760432,3319.34574635774788,3318.32830578887478,3319.89878080457083,3319.99099850947095,3319.99107934885842,3320.72599839044596,3317.21375507859329,3318.79146517596564,3318.05033106214386,3319.34574642534926,3318.60625569824014,3318.88382741484292,3318.79127513479988,3317.49306008768508,3321.09306889061508,3320.26706439736335,3319.16109543245193,3320.26694917513532,3319.06872025127768,3320.45051367594624,3320.3588545272637,3321.27611462760432,3320.17500471195035,3320.72638614702373,3319.89895413679278,3319.99085708910388,3319.4380073084153,3318.60630185126729,3319.71463828506102,3320.2743661351119,3320.45818895975617,3320.36624815796358,3320.91712050976912,3321.28388942605033,3320.27446706159662,3320.45824078377245,3321.28357992476321,3318.79896451081094,3320.54999270497865,3321.8321751486751,3320.82509735099984,3320.55013656632536,3319.72209123736638,17.8491606150398034,17.8745136772477622,17.5269995580141398,17.8999061758267217,19.1562824510145795,17.6585841596349979,17.4883315474511001,17.712059835209299,16.2511587843508458,16.2736456024786413,16.1788737090354857,16.5001450823467834,16.4645174291751672,16.4776934572214841,16.4683386509833625,16.720309056095445,17.4633489183862807,17.4503334977138564,17.2397167966176319,17.274987790823026,17.3494111356196932,17.2673540509891339,17.2634995767827632,17.3592409810539152,3321.30990372801625,3321.76677394329999,3320.66844181242913,3322.31429098672833,3320.39285733399083,3320.48472636761971,5.00043335976624448,4.99987082841716201,0.615085608780057247,-5.00016405096516614,4.99982397048368288,4.99982397873487372,-0.00249172710102580535,-0.0023604927281747584,-0.00248204993984092997,-0.00242088555054652309,-0.00288696289062499983,-0.00222121833230475973,-0.00278314743825087106,-0.00270359441536117528,-0.00269068396687111803,-0.00263473439099083618,-0.00253004939171133474,-0.00271723207100499267,-0.00267605927816928898,-0.00277494086636873591,-0.00239674175173986738,-0.00260314934253189686,-0.00307245113914259623,-0.00293599804460106762,-0.00238273070522236489,-0.00232514299556166792,-0.00294782299585146521,-0.0026506925294315243,-0.00245021139677157251,-0.00242323132832765595,-4.71121014195087451,5.00029275891706071,-5.00091408392384196,-5.00065637306995114,4.99991771110885352,0.000037335113678994604,0.0000984434559145160255,0.0000298121888578886396,0.0000641466028830531781,0.0000356508039844653465,-0.00000207613727779686989,0.000135648941729176451,-0.0000256894524533404197,0.0000391613800431263432,-0.0000200230550392077237,-5.00063279766880519,-5.00154709255989171,5.00055064035444196,4.99935526994195722,4.99961300082820248,5.00076156385513926,5.00005834824183814,4.99954267101613503,-3.88567988878451009,5.00008178710937478,-0.00298084378930756197
4/23/2014 2:54:58.575 PM,162,3316.93487030565393,3320.91047284065553,3321.27643932082037,3319.34607396678075,3318.32863491548505,3319.89910758318228,3319.99132514922848,3319.99140598849408,3320.72632391955494,3317.21408585270819,3318.79179361336991,3318.05066060109948,3319.34607403438212,3318.60658441157056,3318.88415571448285,3318.79160357248747,3317.49339045038686,3321.09339386240799,3320.26739062078422,3319.16142331787932,3320.26727539873036,3319.06904827481366,3320.45083962215949,3320.35918061203665,3321.27643932082037,3320.175331074317,3320.72671167554472,3319.8992809151432,3319.99118372907423,3319.43833477918451,3318.60663056452949,3319.71496534061225,3320.27439225560056,3320.4582150580004,3320.36627426733775,3320.91714655232363,3321.28391542394047,3320.27449318207345,3320.45826688201032,3321.28360592269109,3318.79899080857512,3320.55001879210021,3321.83220107952956,3320.82512340473886,3320.55016265342965,3319.72211742447507,17.8481183057911608,17.8704269237039632,17.5272499970146214,17.8939950581426181,17.7893578770818017,17.6600517877632299,17.4943636144563967,17.7096485205482921,16.2580322827542787,16.2793793346293647,16.1880353690033267,16.5019182650329696,16.4736028868394619,16.4868551186688883,16.4827582065744167,16.7099001306271937,17.47724963797776,17.4577651110790377,17.2391576139090432,17.2735160785103083,17.35730349114883,17.2859024926426628,17.2759550101202386,17.357768724463785,3321.3099622568061,3321.76683234632673,3320.6685005169561,3322.31434923837832,3320.39291611371936,3320.48478512229894,5.00043335976624448,4.99987082841716201,0.614603606227442478,-5.00016405096516614,4.99982397048368288,4.99982397873487372,-0.00247280575911935441,-0.00235972975295717022,-0.00249456273340937845,-0.00242821028431686615,-0.00290359497070312488,-0.00222488018420579801,-0.00277933327735162272,-0.00269184377075438542,-0.00269159960151580269,-0.00264724630477410679,-0.00251509367528246182,-0.00272119963513059535,-0.002667819145819335,-0.00276670073401878193,-0.00239826730884891469,-0.00260162335632974215,-0.00307565571016712135,-0.002933403624813446,-0.00237754223052161163,-0.00231568077217603327,-0.00294706003851652769,-0.00264214820832910178,-0.00244425991108541442,-0.00241529601407944501,-4.71123044280154435,5.00029275891706071,-5.00091408392384196,-5.00065637306995114,4.99991771110885352,0.0000289882168928002094,0.0000988767242860713516,0.0000114831343391478246,0.0000646271646331937725,0.0000370350789625855618,-0.00000348260206113905452,0.000115217282485544618,-0.0000275777317738456246,0.0000395718542962280017,-0.0000203998411579555743,-5.00063279766880519,-5.00154709255989171,5.00055064035444196,4.99935526994195722,4.99961300082820248,5.00076156385513926,5.00005834824183814,4.99954267101613503,-3.88557689678608842,5.00008178710937478,-0.00301136208270506335
4/23/2014 2:54:59.575 PM,163,3316.93528097252101,3320.91087614833304,3321.27684193839331,3319.34648020004806,3318.32904303059103,3319.89951278670423,3319.99173018056672,3319.99181101968133,3320.72672757365808,3317.21449601076665,3318.79220087384146,3318.05106922752611,3319.34648026764944,3318.60699201419856,3318.88456280412356,3318.79201083331054,3317.493800098282,3321.09379682542385,3320.2677951358537,3319.1618298938838,3320.26767991401584,3319.0694550220769,3320.45124379348408,3320.35958495517888,3321.27684193839331,3320.17573576168251,3320.72711532891889,3319.89968611834137,3319.99158876067667,3319.4387408410007,3318.607038167072,3319.71537088754666,3320.27493426141109,3320.45875660226556,3320.3668160425409,3320.91768694109987,3321.28445488597253,3320.27503518763069,3320.45880842614542,3321.28414538550669,3318.79953649263825,3320.55056010558973,3321.83273915065365,3320.82566402557631,3320.55070396655719,3319.72266081257112,17.8526842718179104,17.8714948441253902,17.5244372898402858,17.8871519009388002,18.9204168188002377,17.651305382440416,17.4866828941002268,17.7061540207741359,16.2717382437553546,16.2676543853443434,16.1852964362815612,16.4930902650327411,16.478784823187933,16.4847254048226439,16.4850462254738836,16.7312980569838032,17.4787486613761125,17.4552308487029002,17.2423316506401285,17.2806471256020657,17.3683174957292685,17.2916645944681555,17.2881089643707639,17.3633769159517968,3321.31056056988882,3321.76742937407743,3320.66910062612078,3322.31494471902351,3320.39351699146573,3320.48538574403346,5.00043335976624448,4.99987082841716201,0.614465978401403046,-5.00016405096516614,4.99982397048368288,4.99982397873487372,-0.00248806490581810532,-0.00234736955443223903,-0.00248433886549369494,-0.00243110965810096032,-0.00290237426757812469,-0.002238459551672148,-0.00278543593479042015,-0.00269535370355901112,-0.00268641100519592148,-0.00263946450473817032,-0.0025213506586863779,-0.00273096594682438638,-0.00267010807147209997,-0.00280118721385377422,-0.00239689430745077242,-0.00259292523497745963,-0.00306802577915634735,-0.00290318626493409103,-0.00238929259969684676,-0.00231781740326311193,-0.00296491324015406592,-0.00265740592458342789,-0.00245219522533362492,-0.00242262091953933216,-4.71118190392550673,5.00029275891706071,-5.00091408392384196,-5.00065637306995114,4.99991771110885352,0.0000237523251633476184,0.0000701498107776666794,0.0000151007108888993023,0.00006485295237611697,0.0000292208696042884312,-0.00000768521646255740563,0.0000473416866893264607,-0.0000327601960366711472,0.0000377193794142004387,-0.0000213639254779905641,-5.00063279766880519,-5.00154709255989171,5.00055064035444196,4.99935526994195722,4.99961300082820248,5.00076156385513926,5.00005834824183814,4.99954267101613503,-3.88679159204451352,5.00008178710937478,-0.0029886259541239248
4/23/2014 2:55:00.575 PM,164,3316.93570488761906,3320.91129246693208,3321.27725754463335,3319.34689953857741,3318.32946431164236,3319.89993106228166,3319.99214827840887,3319.99222911736751,3320.7271442498536,3317.21491940064879,3318.7926212726993,3318.05149103638632,3319.34689960617879,3318.60741276624594,3318.88498302664084,3318.79243123253081,3317.49422296154898,3321.09421278824629,3320.26821270077925,3319.1622495862025,3320.26809747916377,3319.06987489117682,3320.45166100357983,3320.36000234263247,3321.27725754463335,3320.17615350446021,3320.72753200436227,3319.90010439358502,3319.99200685879122,3319.43916000255012,3318.60745891903116,3319.71578951761102,3320.27544361244145,3320.45926551953653,3320.3673251768464,3320.91819477244507,3321.2849618463656,3320.27554453842322,3320.45931734329406,3321.28465234663554,3318.80004930048244,3320.5510688059785,3321.83324480387409,3320.82617207501198,3320.5512126666058,3319.7231714626705,17.8500739250653062,17.8710896660123275,17.5243362456592067,17.8865947055104648,17.8470026367920269,17.6472486731403002,17.4846042654669667,17.7054449968358902,16.2571737080485477,16.2574248521417495,16.1685919797577782,16.5207005648113103,16.4795976940663031,16.4931544646497983,16.4916487048451294,16.7315779313897828,17.4723643826364565,17.4478573068061884,17.2497247411944379,17.294202873318369,17.370076728500436,17.2915967394717,17.2853014189053589,17.365135671396871,3321.31074916351599,3321.76761756247924,3320.66928978599708,3322.31513241967059,3320.39370639365188,3320.48557506550651,5.00043335976624448,4.99987082841716201,0.614474980664968862,-5.00016405096516614,4.99982397048368288,4.99982397873487372,-0.0024943211559645931,-0.00236583355469787652,-0.00249334197306123754,-0.00243049926362009844,-0.00289276123046874976,-0.0022251853385308845,-0.00278284230537893113,-0.0026965745497519243,-0.00269083657264523185,-0.0026367179870784279,-0.00251753542490350257,-0.00271875805720714781,-0.00266980288138506496,-0.00276868446958451189,-0.00239704686316167702,-0.00259994477150737174,-0.00305688607988061686,-0.00292272071980559335,-0.00239615969856549075,-0.00231064442747077594,-0.00293927787370016486,-0.00265038737510643781,-0.00245127961215113946,-0.00241743244483857891,-4.71070414706387996,5.00029275891706071,-5.00091408392384196,-5.00065637306995114,4.99991771110885352,0.0000184950624472441988,0.0000542149933801474679,0.0000297938720145987581,0.0000642762782759482568,0.0000181161455240208739,-0.0000103715336897435106,0.0000103959114705422724,-0.0000351888560196329811,0.0000318766064955154825,-0.0000220763105689024976,-5.00063279766880519,-5.00154709255989171,5.00055064035444196,4.99935526994195722,4.99961300082820248,5.00076156385513926,5.00005834824183814,4.99954267101613503,-3.88730792526326896,5.00008178710937478,-0.0029755030879629993
4/23/2014 2:55:01.575 PM,165,3316.9360758133921,3320.91165674577405,3321.27762120016177,3319.34726645985665,3318.32983293262668,3319.90029705347888,3319.99251411408749,3319.99259495290971,3320.72750884159268,3317.21528986685871,3318.79298912176454,3318.05186011920295,3319.34726652745757,3318.60778092435202,3318.88535072140894,3318.79279908191392,3317.49459296697159,3321.0945767557846,3320.2685780701563,3319.16261681704691,3320.26846284873545,3319.07024227670444,3320.45202606248085,3320.36036755672194,3321.27762120016177,3320.17651902945772,3320.72789659544287,3319.90047038449029,3319.99237269470859,3319.43952676897242,3318.60782707706084,3319.71615581898413,3320.27571134769732,3320.45953302678799,3320.3675927981817,3320.91846170888311,3321.28522832499038,3320.27581227355358,3320.4595848504814,3321.28491882564731,3318.80031885280141,3320.55133619922617,3321.83351059538745,3320.82643912608864,3320.55148005967476,3319.72343988077773,17.8500725525487382,17.864848966918462,17.5244871042734829,17.8894838664873923,18.9567375282206285,17.6478559050692674,17.4816360870514806,17.7013374814941287,16.2529092569988478,16.2595557945265376,16.1723988948506943,16.4982408103768741,16.4776160512663665,16.4895735701126291,16.4857816222181164,16.7282264017352489,17.474734983241035,17.4445205336608886,17.2425800559926863,17.3020535328882907,17.3753401743453644,17.2906186185634389,17.2818123388235953,17.3685716811188442,3321.31147753956975,3321.76834437371371,3320.670020348678,3322.31585734739201,3320.39443789203778,3320.48630625221221,5.00043335976624448,4.99987082841716201,0.615036630363029912,-5.00016405096516614,4.99982397048368288,4.99982397873487372,-0.00248211383860559229,-0.00235744082730440525,-0.00248159215471037724,-0.00242210633950824686,-0.00288421630859374972,-0.002229610076244639,-0.00278436796973863081,-0.002692454193850842,-0.00268732663984060658,-0.00264373686554221412,-0.00252165587738900805,-0.00272165743099124198,-0.00266903990616747635,-0.00278150245323999582,-0.00239780964171620046,-0.00259368822807853677,-0.00306466860951160654,-0.00293431930238554793,-0.0024155401775947747,-0.00231186535952053549,-0.00294477116651171511,-0.00265206572389441392,-0.00244059745835547085,-0.00241270177672906839,-4.71050938100783067,5.00029275891706071,-5.00091408392384196,-5.00065637306995114,4.99991771110885352,0.0000173578206576109114,0.0000537801994157345459,0.00000331382223186094526,0.0000646332670046241288,0.0000181191979495514584,-0.00000993983137555062658,0.0000302033887130801687,-0.0000340455082338137413,0.0000326777179560298724,-0.0000219680036278859085,-5.00063279766880519,-5.00154709255989171,5.00055064035444196,4.99935526994195722,4.99961300082820248,5.00076156385513926,5.00005834824183814,4.99954267101613503,-3.88774064423737986,5.00008178710937478,-0.00302585827206887674
4/23/2014 2:55:02.575 PM,166,3316.93642024341761,3320.91199500355333,3321.27795887914089,3319.34760717136532,3318.33017522245745,3319.90063690132683,3319.9928538175227,3319.99293465621849,3320.72784738992322,3317.21563387013975,3318.79333069480253,3318.05220283788458,3319.34760723896624,3318.60812278436105,3318.88569215116876,3318.79314065524658,3317.49493654237176,3321.09491472449144,3320.26891734059017,3319.16295781601365,3320.26880211935076,3319.07058341930769,3320.45236504461172,3320.3607066829586,3321.27795887914089,3320.17685844439893,3320.72823514316223,3319.90081023206676,3319.99271239836571,3319.43986733668271,3318.60816893699802,3319.71649595485678,3320.27618152093009,3320.46000279964255,3320.36806277136838,3320.91893047937992,3321.28569629155981,3320.27628244656716,3320.46005462322273,3321.28538679289613,3318.80079221682535,3320.55180577188775,3321.83397735537937,3320.82690809789255,3320.55194963202257,3319.72391125310832,17.854045402074501,17.8704975247230919,17.5212330285954394,17.8896540035180997,17.4302315887938519,17.6476455821593525,17.4836321331924367,17.6973255388085775,16.2647269919727328,16.2487597985067786,16.165333880490401,16.508688978455357,16.4854788458429091,16.4890585576879438,16.4862567485118312,16.7342595283078239,17.4657195555604367,17.4374835800965577,17.234627115308097,17.2736295459251394,17.3632017312812721,17.2893651897701517,17.276144797851309,17.3664814894610337,3321.31197179281844,3321.76883756509596,3320.67051608574502,3322.31634926064543,3320.39493426406215,3320.48680241273405,5.00043335976624448,4.99987082841716201,0.61574933499210982,-5.00016405096516614,4.99982397048368288,4.99982397873487372,-0.00248089310686969242,-0.00234996367017203944,-0.00247594613810022367,-0.00242302193122953969,-0.00289382934570312465,-0.00222671111015631694,-0.00278787699776593921,-0.00268879165527210248,-0.00269327826503105864,-0.00264602563025866577,-0.00251402540982325652,-0.0027193684516880097,-0.00266980288138506496,-0.00278867442028532574,-0.00238957163332734505,-0.00259826618668500134,-0.00306512640537225318,-0.00293157226966924258,-0.00235495710535362727,-0.0023024031361349004,-0.00295026445932326537,-0.00265481211282019231,-0.0024508218055598963,-0.00242414694151014184,-4.70948243271229572,5.00029275891706071,-5.00091408392384196,-5.00065637306995114,4.99991771110885352,0.0000236012017577453405,0.000053879362951477843,0.00000981324879255368288,0.0000648834642332687517,0.0000271665872222048529,-0.0000095889779046518176,0.0000460032817627754377,-0.0000326548676024635012,0.0000331950070705334455,-0.0000214966396169827224,-5.00063279766880519,-5.00154709255989171,5.00055064035444196,4.99935526994195722,4.99961300082820248,5.00076156385513926,5.00005834824183814,4.99954267101613503,-3.88847150597432955,5.00008178710937478,-0.00300083327148292518
4/23/2014 2:55:03.575 PM,167,3316.93638712496795,3320.9119624785726,3321.27792640981306,3319.34757441045576,3318.33014230979051,3319.90060422345914,3319.99282115354071,3319.99290199224879,3320.727814837006,3317.21560079272194,3318.79329785105574,3318.05216988398297,3319.34757447805668,3318.60808991302155,3318.88565932119809,3318.79310781147114,3317.49490350609539,3321.09488222730578,3320.26888471824168,3319.16292502746455,3320.26876949698498,3319.07055061694791,3320.45233244998371,3320.36067407447444,3321.27792640981306,3320.17682580815562,3320.72820259030322,3319.90077755422498,3319.9926797343619,3319.43983458959928,3318.6081360656658,3319.71646324929543,3320.27650149811597,3320.46032250433927,3320.36838261240745,3320.91924950189559,3321.2860147669412,3320.27660242360343,3320.4603743278426,3321.28570526874,3318.80111436558991,3320.55212534033898,3321.83429500959209,3320.82722725741314,3320.55226920026007,3319.72423204637243,17.8475480767255767,17.8690947260792008,17.5118397523461091,17.8852852012070222,17.5085008911940783,17.6384828817364649,17.4800996450127712,17.6960757770924921,16.2575382083225648,16.2558091696333413,16.1678141967717401,16.4974648836493891,16.4846078202291295,16.4943564874922615,16.4839382263026195,16.7426015305044977,17.4564389728053406,17.4441087239250336,17.2300634411731721,17.2847454532556313,17.3643472881982284,17.2889886505848196,17.2632868194110607,17.3636700415790557,3321.31188724889125,3321.76875320279623,3320.67043128801833,3322.31626511696322,3320.39484935772861,3320.48671754257748,5.00043335976624448,4.99987082841716201,0.616134906518053915,-5.00016405096516614,4.99982397048368288,4.99982397873487372,-0.00249126932662484257,-0.00234172353782208546,-0.00248830633662515443,-0.00243568761670742489,-0.00289688110351562491,-0.00225112345616323853,-0.0027901654943054883,-0.00269932145368597916,-0.00269282044770871587,-0.00263153012038780344,-0.00251997717452454289,-0.00272028404340930253,-0.00267407554260355946,-0.00280423911472412781,-0.00239994542166886661,-0.00259780839082435515,-0.00307733429498949175,-0.00291798971901640128,-0.00236991212066756281,-0.00229767202444208308,-0.00294538153237966505,-0.00265771107890851437,-0.00246043574397599796,-0.0024183480580210648,-4.70824499664929075,5.00029275891706071,-5.00091408392384196,-5.00065637306995114,4.99991771110885352,0.0000155886082627317414,0.0000536627287657001732,0.0000218779429061552313,0.0000643662882545460193,0.0000262707003289782073,-0.0000102601758489799749,0.0000402284536646351027,-0.000033187615769687687,0.0000376140904793899743,-0.0000222212283068824389,-5.00063279766880519,-5.00154709255989171,5.00055064035444196,4.99935526994195722,4.99961300082820248,5.00076156385513926,5.00005834824183814,4.99954267101613503,-3.88947487691006666,5.00008178710937478,-0.00300083327148292518
4/23/2014 2:55:04.575 PM,168,3316.93731443867545,3320.9128731748865,3321.27883554783693,3319.34849171288806,3318.33106386150257,3319.90151920067728,3319.99373574196079,3319.9938165803278,3320.72872631556447,3317.21652695751618,3318.79421747296328,3318.05309259028035,3319.34849178048853,3318.60901030753393,3318.88657855736073,3318.79402743417222,3317.49582851891636,3321.09579214535642,3320.26979814090327,3319.16384310381317,3320.26968292013316,3319.0714690800064,3320.45324509645252,3320.3615871089155,3321.27883554783693,3320.17773961986995,3320.72911406721641,3319.9016925307128,3319.9935943233786,3319.44075150488697,3318.60905645998582,3319.71737900195603,3320.27677576450105,3320.46059653716383,3320.36865676209572,3320.919522949996,3321.28628774607159,3320.27687668986027,3320.46064836060122,3321.28597824826692,3318.80139049331956,3320.55239925638125,3321.8345672848668,3320.82750082294569,3320.55254311611952,3319.72450701224988,17.8514308252515015,17.8679576361449754,17.5269873437667876,17.8881797811321093,21.2544997865821727,17.6518773732434262,17.4873310835736824,17.7000343172032259,16.2561720418184912,16.2512436505978108,16.1490060250478393,16.4871910566544884,16.4827081029365701,16.499615821256512,16.4853894578449065,16.7413113491862973,17.4494741366890231,17.4348607778843707,17.2364187709221355,17.2773236058638773,17.3480948666513406,17.2810324204915702,17.2583004103891433,17.3690336360354784,3321.31282373023805,3321.76968767220432,3320.67137058078287,3322.31719716467796,3320.39578985355865,3320.4876576376696,5.00043335976624448,4.99987082841716201,0.616307627913925904,-5.00016405096516614,4.99982397048368288,4.99982397873487372,-0.00248257161300655506,-0.00234981107512852172,-0.0024788454439270591,-0.00241157703471337869,-0.00288665771484374967,-0.00220245134131193902,-0.00278055380883938204,-0.00269871103058952257,-0.00269556735164277073,-0.00263290337921767486,-0.00251707759684955713,-0.00271723207100499267,-0.00267407554260355946,-0.0027906581558510557,-0.00240467464870691358,-0.00259918177840629417,-0.00307626610464798323,-0.00293248794724134451,-0.00235831435368940873,-0.00231079704397699594,-0.00294889113612037792,-0.00264458944292979411,-0.00245509466707816365,-0.00241941627340063132,-4.70718126260179126,5.00029275891706071,-5.00091408392384196,-5.00065637306995114,4.99991771110885352,0.0000217220814315190627,0.0000534399922084921538,0.0000321643768170308447,0.0000642671247188027223,0.0000270780668818178912,-0.0000098788133806117035,0.0000475034551297077684,-0.0000325922811415575126,0.0000405896473327291415,-0.0000218017295916773395,-5.00063279766880519,-5.00154709255989171,5.00055064035444196,4.99935526994195722,4.99961300082820248,5.00076156385513926,5.00005834824183814,4.99954267101613503,-3.89094133038685719,5.00008178710937478,-0.00299793403361016267
4/23/2014 2:55:05.575 PM,169,3316.93724820135503,3320.9128081244653,3321.27877060871651,3319.34842619062419,3318.33099803573304,3319.90145384449169,3319.99367041354571,3319.99375125193682,3320.72866120927119,3317.21646080225673,3318.7941517850304,3318.05302668204467,3319.34842625822466,3318.60894456441792,3318.88651289697963,3318.7939617461825,3317.49576244593663,3321.09572715052263,3320.26973289575198,3319.16377752627204,3320.26961767494776,3319.07140347484437,3320.45317990674129,3320.36152189149334,3321.27877060871651,3320.17767434693087,3320.72904896104046,3319.90162717457951,3319.99352899492078,3319.44068601027493,3318.608990716883,3319.71731359038449,3320.27714145224854,3320.46096191349397,3320.36902229424595,3320.91988754668455,3321.28665171745979,3320.27724237743723,3320.46101373684359,3321.28634222018354,3318.80175866288891,3320.55276447699998,3321.8349303177697,3320.82786557621284,3320.55290833649405,3319.72487363266464,17.8474057063250377,17.8614193375390222,17.515806922354372,17.8854472151484849,23.2270543253571659,17.6588061614538176,17.4621555427225736,17.6803453102411332,16.2510011860262971,16.2485081496115669,16.152439045016969,16.5008243864099526,16.482180364232196,16.4965749103949832,16.4860807003288414,16.7385758537941527,17.4457201777855459,17.4269214665898566,17.2330441745323242,17.2739499722491985,17.3557578744805987,17.2795612849181204,17.2451852130438254,17.35371315659836,3321.31297330461802,3321.76983692520025,3320.67152060425405,3322.31734603083623,3320.39594006920606,3320.48780778930404,5.00043335976624448,4.99987082841716201,0.616318613727090958,-5.00016405096516614,4.99982397048368288,4.99982397873487372,-0.00249706780237036801,-0.00235744082730440525,-0.00249029007219088395,-0.00242210633950824686,-0.00289337158203124964,-0.00222594822434360072,-0.00278177434032714178,-0.00268619735711216187,-0.00269297305348283013,-0.00264816181066068789,-0.00252180848674032334,-0.00271952105030822495,-0.00267010807147209997,-0.00277707719697798316,-0.00238301173775844156,-0.00259262003773702869,-0.0030639056164105294,-0.00293233533431266078,-0.00235678833171859862,-0.00230362406818465995,-0.00294339784330882766,-0.0026473358318555725,-0.0024448703198737382,-0.00241163356134950187,-4.70624788138490757,5.00029275891706071,-5.00091408392384196,-5.00065637306995114,4.99991771110885352,0.0000267595282849282599,0.0000543370408087546012,0.000032626877110100339,0.0000639406478472786318,0.0000204359889272653338,-0.00000825726016510981353,0.0000591248388420065631,-0.0000318702470925688567,0.0000346766817908372046,-0.0000218963074838326716,-5.00063279766880519,-5.00154709255989171,5.00055064035444196,4.99935526994195722,4.99961300082820248,5.00076156385513926,5.00005834824183814,4.99954267101613503,-3.89191250678679124,5.00008178710937478,-0.00301685537551661361
4/23/2014 2:55:06.575 PM,170,3316.93767211387285,3320.91322444024763,3321.27918621211847,3319.34884552643097,3318.33141931412228,3319.90187211731427,3319.99408850862664,3319.99416934686223,3320.72907788266184,3317.21688418954227,3318.79457218119841,3318.05344848825871,3319.34884559403144,3318.60936531378638,3318.88693311680208,3318.7943821427134,3317.49618530659108,3321.09614311051837,3320.27015045789994,3319.16419721587908,3320.27003523731809,3319.07182334123808,3320.45359711404808,3320.36193927616432,3321.27918621211847,3320.17809208693643,3320.7294656336785,3319.90204544706784,3319.99394709027456,3319.44110516909631,3318.60941146616369,3319.71773221770445,3320.27784017944122,3320.46166004566748,3320.36972072414164,3320.92058418921442,3321.2873471652415,3320.2779411043034,3320.46171186884885,3321.28703766897524,3318.80246213204372,3320.55346231166004,3321.83562397240803,3320.82856251791327,3320.55360617068754,3319.7255741418844,17.8509641215422938,17.857294085976104,17.5200515797020735,17.8839854106766332,20.4685616459616248,17.641899924520775,17.4786478735759232,17.6962220217633437,16.2496906762340316,16.2522995361398692,16.1641516783682171,16.5039294503748692,16.4832301065859639,16.4924457124237662,16.4820266860600597,16.7289660575748051,17.4383645915212178,17.4270240303600872,17.2248488571659557,17.2512958528111717,17.3380486631702872,17.2723559264784825,17.2487125768371712,17.3484130588783039,3321.31327245849388,3321.77013543637531,3320.67182065622,3322.31764376841647,3320.39624050548354,3320.48810809756832,5.00043335976624448,4.99987082841716201,0.61648935157336382,-5.00016405096516614,4.99982397048368288,4.99982397873487372,-0.0024931004242286928,-0.0023580512074784757,-0.00249532570862696706,-0.00243934998359259664,-0.0029002380371093749,-0.00223006780773226873,-0.00279535275312846636,-0.00270420483845763187,-0.00270655496737898975,-0.00263290337921767486,-0.00252287675219952821,-0.00272272562133275007,-0.00267117623677672403,-0.0027850121392409017,-0.00240131842306700932,-0.00258941546671250357,-0.00306039584814557291,-0.00293080920502582481,-0.00237723702612744952,-0.00231232320903919505,-0.00295285851426205313,-0.00266045746783429276,-0.00245784150662562134,-0.00241987407999187448,-4.70669801077306626,5.00029275891706071,-5.00091408392384196,-5.00065637306995114,4.99991771110885352,0.0000303559600384531301,0.0000539388610729238239,0.0000375815832200131214,0.0000639604805544272831,0.0000178917922475228903,-0.00000857913008841263426,0.0000636696163463041162,-0.0000318855120830337363,0.0000326304142316947329,-0.0000219680036278859085,-5.00063279766880519,-5.00154709255989171,5.00055064035444196,4.99935526994195722,4.99961300082820248,5.00076156385513926,5.00005834824183814,4.99954267101613503,-3.8923627725458183,5.00008178710937478,-0.00300190141175183788
4/23/2014 2:55:07.575 PM,171,3316.93824174950168,3320.91378386805536,3321.27974468269121,3319.34940901228037,3318.33198541024239,3319.9024341748186,3319.99465032729813,3319.99473116532408,3320.72963779099063,3317.21745311941094,3318.79513709186767,3318.0540152936237,3319.34940907988084,3318.60993069905544,3318.8874977905134,3318.79494705386969,3317.49675352881922,3321.0967020602502,3320.27071156046304,3319.16476117713409,3320.27059634018041,3319.07238754004356,3320.45415773980721,3320.36250014024881,3321.27974468269121,3320.17865342848881,3320.73002554099684,3319.90260750412335,3319.99450890931257,3319.44166841712876,3318.60997685131451,3319.71829475155209,3320.27797731075043,3320.46179706018756,3320.36985779709766,3320.92072091135014,3321.28748365287447,3320.27807823554803,3320.46184888333618,3321.28717415680648,3318.8026001940957,3320.55359926778464,3321.83576010808656,3320.8286992987696,3320.55374312672074,3319.72571162296617,17.8494830713905088,17.8619756168169523,17.5194068116897057,17.8847101018593975,20.7412561706722584,17.6515263266667794,17.4779272233171454,17.692003898920543,16.2493506068417233,16.258432322523511,16.1571087829909778,16.4896572585536418,16.4815945806709401,16.4940091362282892,16.4845044664961158,16.7324326890607651,17.4440213756853986,17.4240049646303738,17.2165758382696587,17.260454323992608,17.3426410112858456,17.2691077480086079,17.2530757999448845,17.3415895730822491,3321.31348056404431,3321.77034309480996,3320.672029386556,3322.317850888674,3320.39644950317824,3320.48831700620667,5.00043335976624448,4.99987082841716201,0.616846848243441714,-5.00016405096516614,4.99982397048368288,4.99982397873487372,-0.00249538929623350538,-0.00235789861243495798,-0.00248678038618997763,-0.00243187265120203789,-0.00290695190429687486,-0.00221770905756626469,-0.00279077576004936817,-0.00269901624213775065,-0.00269449911122397181,-0.00264495754005765514,-0.00252837068884686957,-0.00273142374268503258,-0.0026768222533868776,-0.00276242807280028743,-0.00239841986455981929,-0.00261383124594698072,-0.00307962327429272403,-0.00294393391689261536,-0.00240378980841953957,-0.0023507825686066141,-0.00294171933717196502,-0.00265115026091915403,-0.00245875711980810723,-0.0024159064228677688,-4.7073216895387544,5.00029275891706071,-5.00091408392384196,-5.00065637306995114,4.99991771110885352,0.0000254009441335542629,0.0000535269510013747382,0.0000273684166822970305,0.0000642183057473598717,0.0000206679732675897787,-0.00000822980206738729772,0.0000637672878574777373,-0.0000314596188490636871,0.0000320948139980936826,-0.0000217178298486363196,-5.00063279766880519,-5.00154709255989171,5.00055064035444196,4.99935526994195722,4.99961300082820248,5.00076156385513926,5.00005834824183814,4.99954267101613503,-3.89263223012983772,5.00008178710937478,-0.00298877854559091239
4/23/2014 2:55:08.575 PM,172,3316.93814239451467,3320.9136862935079,3321.27964727510425,3319.34931072993276,3318.33188667261356,3319.9023361416016,3319.99455233573826,3319.99463317380104,3320.72954013263142,3317.21735388752176,3318.79503856100382,3318.05391643228904,3319.34931079753323,3318.60983208541256,3318.88739930098017,3318.79484852292125,3317.49665442035666,3321.09660456908841,3320.27061369380635,3319.16466281186649,3320.27049847347143,3319.07228913334256,3320.45405995631426,3320.36240231518741,3321.27964727510425,3320.17855552014771,3320.72992788281362,3319.90250947098502,3319.99441091768858,3319.44157017626093,3318.60987823769255,3319.71819663525184,3320.27816015403277,3320.46197974775805,3320.37004056258001,3320.92090320909346,3321.2876656379617,3320.27826107874489,3320.46203157086256,3321.28735614215747,3318.80278427831081,3320.55378187749829,3321.83594162392273,3320.82888167480314,3320.55392573631206,3319.72589493259056,17.8458354614823769,17.8589348264502838,17.5186487333493019,17.8753562520357931,20.1584950753275294,17.6442251602475863,17.4818099873548185,17.6907900449544613,16.2483638866249471,16.248687117448366,16.1515516169964215,16.4973492816960778,16.4842633357334449,16.4891376469228632,16.4842786969881132,16.7227657368020495,17.4403133083404285,17.4205252318757822,17.2087553763281313,17.2405338721075445,17.3130510903897985,17.2764365667920074,17.2536295895186953,17.3447304241070412,3321.31377321568516,3321.77063511773622,3320.67232291674236,3322.31814215484064,3320.39674340931333,3320.48861078711434,5.00043335976624448,4.99987082841716201,0.617359519524475431,-5.00016405096516614,4.99982397048368288,4.99982397873487372,-0.00248959082048798037,-0.00236583355469787652,-0.00249135823749550758,-0.00243095705948074507,-0.00290237426757812469,-0.00223067811638244171,-0.00279718355036010597,-0.00270817258858459991,-0.00271037011173184354,-0.00265441776755232298,-0.00252821807949555428,-0.00272760877717964558,-0.00267331256738597128,-0.00279218410628623206,-0.00242313388972638594,-0.0026089480901000852,-0.00308069146463423255,-0.00291676881558693233,-0.00237403237998874911,-0.00230545546625929862,-0.0029539266545309654,-0.00264626779171776979,-0.00245677329124605439,-0.00243589731068537697,-4.70782783706372409,5.00029275891706071,-5.00091408392384196,-5.00065637306995114,4.99991771110885352,0.0000243522392886172581,0.0000532508186941510942,0.0000308745657687017341,0.0000645539361760294831,0.0000120647119096364781,-0.0000118908817637227029,0.0000223774588802937955,-0.0000341645751594397762,0.0000308878060642520051,-0.0000224027568418257357,-5.00063279766880519,-5.00154709255989171,5.00055064035444196,4.99935526994195722,4.99961300082820248,5.00076156385513926,5.00005834824183814,4.99954267101613503,-3.8914668184499166,5.00008178710937478,-0.00299228814933162482
4/23/2014 2:55:09.575 PM,173,3316.93902996119504,3320.91455795450929,3321.28051744455615,3319.35018871411557,3318.33276872408168,3319.90321190015811,3319.99542772214908,3319.99550855988491,3320.73041254237432,3317.21824035449617,3318.79591876532003,3318.05479958889236,3319.35018878171558,3318.61071302924347,3318.88827913607201,3318.79572872799644,3317.49753978469561,3321.09747548515952,3320.27148796438678,3319.16554153681954,3320.27137274451843,3319.07316822844268,3320.4549334839462,3320.36327621417513,3321.28051744455615,3320.17943016311801,3320.73080029098127,3319.90338522884212,3319.99528630467011,3319.44244778988058,3318.61075918133883,3319.71907313603878,3320.27876092592259,3320.46258000802936,3320.37064107884361,3320.92150218851566,3321.28826359009644,3320.27886185035458,3320.46263183098972,3321.28795409516078,3318.8033891275104,3320.55438188195648,3321.8365380342484,3320.82948091146318,3320.55452574036962,3319.72649723673157,17.8414011191028869,17.8619549567842775,17.5093413375440896,17.8706930182191783,18.630947671315905,17.6480821539711208,17.4779828928189964,17.6922878156389984,16.2487210711714844,16.2532330459539302,16.1606679024530955,16.5016654007190873,16.4789084157821861,16.4885808805355758,16.4770183785414268,16.7233513967271605,17.4347747497098808,17.4147585769304669,17.2048139001519047,17.2597312478135407,17.3370461316945423,17.2663291024624641,17.2446658794028131,17.3412471132502652,3321.31450808994486,3321.77136841313722,3320.67305999724703,3322.31887354983018,3320.39748143391762,3320.48934849724219,5.00043335976624448,4.99987082841716201,0.617992119265893813,-5.00016405096516614,4.99982397048368288,4.99982397873487372,-0.00250759661359250619,-0.0023614082984358643,-0.00250219248558526198,-0.00243141485534139126,-0.00289764404296874965,-0.00224639356412439754,-0.00279748868323204591,-0.00270374702113528953,-0.00273219273743016775,-0.00266143664601610919,-0.00253004939171133474,-0.00273676469439257473,-0.00268887726182477291,-0.00278592770950200804,-0.00240253886875424743,-0.00260635391355642197,-0.00308038626739380161,-0.00293920291610342329,-0.00239036081507641371,-0.0023132389080765146,-0.00295652070946975315,-0.00266640797717348013,-0.00246959187580085646,-0.00243650771947370075,-4.70923180115741058,5.00029275891706071,-5.00091408392384196,-5.00065637306995114,4.99991771110885352,0.0000244132992504767628,0.0000528724716654689682,0.0000370931340656162936,0.0000660703754764731516,0.00000437259957256274498,-0.0000142293964197569437,-0.0000116641149984372565,-0.0000377442154234532829,0.0000389813207053345338,-0.0000229000535005779617,-5.00063279766880519,-5.00154709255989171,5.00055064035444196,4.99935526994195722,4.99961300082820248,5.00076156385513926,5.00005834824183814,4.99954267101613503,-3.89067492441760576,5.00008178710937478,-0.00303226711368235168
4/23/2014 2:55:10.575 PM,174,3316.93934789691684,3320.91487019280157,3321.28082914857441,3319.35050321737753,3318.33308468424911,3319.90352560619885,3319.99574129488655,3319.99582213250596,3320.73072504886658,3317.21855789630217,3318.79623406383598,3318.05511594492009,3319.35050328497754,3318.61102859265383,3318.88859430233151,3318.79604402678433,3317.49785693153671,3321.09778745661742,3320.27180113743315,3319.16585630542613,3320.2716859177317,3319.07348312963631,3320.45524639086761,3320.3635892541165,3321.28082914857441,3320.17974346955452,3320.7311127969092,3319.9036989346323,3319.99559987761222,3319.44276216040634,3318.61107474468372,3319.71938710794711,3320.27937475844601,3320.46319331781342,3320.37125465018425,3320.92211418961051,3321.28887454157529,3320.2794756825906,3320.46324514062598,3321.28856504752639,3318.80400712596656,3320.55499493036723,3321.83714741040557,3320.83009317538699,3320.55513878837064,3319.72711263481005,17.8353049672585406,17.8604207883279891,17.4997407222913814,17.8743318973060212,17.6982071659757203,17.653014843585602,17.4807094774553491,17.6909829351475345,16.2382798984560317,16.2456051136360386,16.1647683445211854,16.4877975958602647,16.479733744954995,16.4863599070134157,16.4807385430315989,16.7266891891292602,17.4334536582314143,17.4135894935700968,17.2030353592344056,17.2513318885371163,17.3316903650723795,17.2707928491956188,17.2375605549667909,17.3354362504842392,3321.31483325745875,3321.77169288206687,3320.67338614094114,3322.31919717790015,3320.39780799533946,3320.48967491951998,5.00043335976624448,4.99987082841716201,0.618611902225286392,-5.00016405096516614,4.99982397048368288,4.99982397873487372,-0.00251659951014476888,-0.00236751210017657103,-0.00250524438645561513,-0.00242576870639341861,-0.00291290283203124965,-0.00224349459803607548,-0.00280221824274711406,-0.00272099147361018869,-0.00274333295894050103,-0.00265685911658320503,-0.00254088465565470174,-0.00273615429991171284,-0.00268567276591090204,-0.00280774880072503412,-0.00242038788693010095,-0.00261596762662999775,-0.0030664997929541922,-0.0029579743063315074,-0.00240241638864581051,-0.00233658923352816168,-0.00296445546575310358,-0.00267739353287659455,-0.00246440340110010321,-0.00244368002273650685,-4.71175444896958328,5.00029275891706071,-5.00091408392384196,-5.00065637306995114,4.99991771110885352,0.0000292065062564479412,0.0000526939773011310322,0.0000440062160039388415,0.0000657576289406673696,0.00000371327565795642449,-0.0000160645126175450653,-0.0000238318487263634942,-0.0000391775980281051736,0.0000414899440216881746,-0.0000235712514449061207,-5.00063279766880519,-5.00154709255989171,5.00055064035444196,4.99935526994195722,4.99961300082820248,5.00076156385513926,5.00005834824183814,4.99954267101613503,-3.89084215290689528,5.00008178710937478,-0.00304447443104135249
4/23/2014 2:55:11.575 PM,175,3316.93929490758955,3320.91481815304177,3321.28077719786051,3319.35045080012469,3318.33303202417982,3319.90347332181545,3319.99568903272029,3319.99576987035925,3320.7306729644074,3317.21850497262721,3318.7961815140411,3318.05506321887378,3319.3504508677247,3318.61097599871027,3318.8885417745796,3318.79599147694443,3317.49780407368871,3321.0977354613301,3320.27174894188192,3319.1658038439491,3320.27163372215227,3319.07343064606175,3320.45519423967016,3320.36353708074921,3321.28077719786051,3320.1796912517716,3320.73106071254415,3319.90364665029073,3319.99554761541185,3319.44270976527605,3318.61102215075106,3319.71933477925267,3320.27951842319498,3320.46333686022762,3320.37139825380973,3320.92225742575738,3321.28901753208447,3320.27961934727272,3320.46338868300608,3321.28870803824338,3318.80415176565293,3320.55513841161337,3321.83729003224834,3320.83023647304253,3320.55528226952083,3319.72725666593987,17.8379362304665818,17.8550639440175622,17.5112011514581667,17.8679118103046512,17.9894392452947009,17.6466697899420488,17.474516931580542,17.6890516329980727,16.2421317748798479,16.2644612188331372,16.1658042431261215,16.4913450184032761,16.4823690152945055,16.4886142302338818,16.481926861626409,16.7188925215581676,17.4351407452636486,17.4146676386044774,17.164297078319926,17.2489084857936845,17.3466964481855186,17.259463182380248,17.2358989336273005,17.3373515831181599,3321.31529499116959,3321.77215362373272,3320.67384926090335,3322.31965672547903,3320.39827170850821,3320.49013843509328,5.00043335976624448,4.99987082841716201,0.619097566715622771,-5.00016405096516614,4.99982397048368288,4.99982397873487372,-0.00250546033305468078,-0.00237666780278763092,-0.00249761463427973203,-0.00241859657124329081,-0.00289932250976562486,-0.0022409007862728399,-0.00279428478807667701,-0.00271198773293745369,-0.00273020886236668373,-0.00266845552447989498,-0.00252730242338766427,-0.00273356012336804961,-0.00268323124521461934,-0.00279309967654733796,-0.00240803087434681741,-0.00262283456453969418,-0.00308587981772155901,-0.0029436286910352479,-0.00240760486334656377,-0.00233460521894730301,-0.00296476064868707876,-0.00266259354810989861,-0.00246470860549426532,-0.00242414694151014184,-4.71324236394949913,5.00029275891706071,-5.00091408392384196,-5.00065637306995114,4.99991771110885352,0.0000292126122526338903,0.0000526970284868462103,0.0000432460670074087895,0.0000657118611549396972,-0.00000149416229722126994,-0.0000181696334429379226,-0.0000467022435146116611,-0.0000409010154515897082,0.0000439100635957373576,-0.0000250143270252116605,-5.00063279766880519,-5.00154709255989171,5.00055064035444196,4.99935526994195722,4.99961300082820248,5.00076156385513926,5.00005834824183814,4.99954267101613503,-3.89116547149157066,5.00008178710937478,-0.00301914424752142618
4/23/2014 2:55:12.575 PM,176,3316.93998376656873,3320.91549466743026,3321.2814525546396,3319.35113222201107,3318.33371660273587,3319.9041530163663,3319.99636843844427,3319.99644927582994,3320.73135005990343,3317.21919297811109,3318.79686465900022,3318.05574865513881,3319.35113228961108,3318.61165971761556,3318.88922463297922,3318.79667462249244,3317.49849122340492,3321.09841139756918,3320.27242748159642,3319.16648584075619,3320.2723122622292,3319.07411293014456,3320.45587220277366,3320.36421533206612,3321.2814525546396,3320.18037008050305,3320.73173780681736,3319.90432634429908,3319.99622702157921,3319.44339089956383,3318.61170586951311,3319.72001504985792,3320.27992982167825,3320.46374790836489,3320.37180947724527,3320.92266759679569,3321.28942699965728,3320.28003074556409,3320.46379973104467,3321.28911750641054,3318.80456595619443,3320.55554928457513,3321.83769844402195,3320.83064682023177,3320.55569314220792,3319.72766911367762,17.8339501032027208,17.8569344382410797,17.5042445647620681,17.8612619887067225,18.5177494691456594,17.6502901586308276,17.46573648305883,17.6797429613160091,16.2470486320474627,16.2696081984594514,16.1695043829854477,16.4886487978675404,16.4869830895407041,16.4868307875320177,16.480371375869872,16.7287588488760761,17.4339090473874343,17.4129035400182168,17.2065359331909526,17.2448611436572712,17.3227069735170929,17.268508128016677,17.2541509996653417,17.3261510970810484,3321.31509989288088,3321.7719589446242,3320.67365357686594,3322.31946255092134,3320.39807577381634,3320.48994258389393,5.00043335976624448,4.99987082841716201,0.619605202832289148,-5.00016405096516614,4.99982397048368288,4.99982397873487372,-0.00250546033305468078,-0.00236537576956732379,-0.00249502051853993162,-0.00242256413536889349,-0.00290634155273437498,-0.00224456263817387819,-0.00279199629153712792,-0.00271046167519631244,-0.00272639371801382995,-0.00265945304992851748,-0.0025323385319810602,-0.00273020295372330881,-0.00269101359243402016,-0.00278684327976311394,-0.00240086075593429508,-0.002612305259744826,-0.00309198376253017829,-0.00294301823932051343,-0.00240256899084289157,-0.00233552091798462213,-0.00295606293506879081,-0.00265435438133256258,-0.0024640981967059411,-0.00242307872613057489,-4.71383643094804494,5.00029275891706071,-5.00091408392384196,-5.00065637306995114,4.99991771110885352,0.0000281745929010222998,0.0000527550010154346022,0.0000292016274148926099,0.0000662320883193776077,-0.00000506244774247491844,-0.0000186715064513105677,-0.0000499833958431004846,-0.0000419909357707818831,0.0000389538540266883284,-0.0000242668565872098489,-5.00063279766880519,-5.00154709255989171,5.00055064035444196,4.99935526994195722,4.99961300082820248,5.00076156385513926,5.00005834824183814,4.99954267101613503,-3.89167326018897563,5.00008178710937478,-0.00302738418673875178
4/23/2014 2:55:13.575 PM,177,3316.94031494596811,3320.91581991167322,3321.28177724231591,3319.35145982573067,3318.3340457241502,3319.90447978959991,3319.9966950728126,3319.99677591007639,3320.73167558353725,3317.21952374715829,3318.79719309115535,3318.05607818893122,3319.35145989333023,3318.61198842571821,3318.88955292735954,3318.79700305493088,3317.49882158100717,3321.09873636384372,3320.27275369959625,3319.16681372089124,3320.27263848040274,3319.07444094839911,3320.45619814354404,3320.36454141140711,3321.28177724231591,3320.18069643745866,3320.73206332986319,3319.90465311727166,3319.99655365616035,3319.4437183650084,3318.61203457754754,3319.72034210005267,3320.280230206135,3320.46404803700534,3320.37210973388528,3320.92296708499361,3321.2897259741976,3320.28033112988032,3320.46409985961281,3321.28941648138516,3318.80486837936177,3320.55584928530561,3321.83799664763682,3320.83094643705271,3320.55599314273786,3319.72797026428088,17.8266754204854436,17.8511018543455329,17.498639551694783,17.8711012426165219,18.2525220943007547,17.6429367127250991,17.4775546833737572,17.6866893004851739,16.2418220047627209,16.2542512544741804,16.1758524452605918,16.4950702546552037,16.4832012931497402,16.4916552803885885,16.47788405669802,16.7340388625918663,17.4300630059043655,17.4144607393211075,17.2211879279845661,17.245885729832878,17.335530195077034,17.2648129665975602,17.237137846675509,17.3432325438168533,3321.31594532077497,3321.77280255609821,3320.67450154296739,3322.32030397603921,3320.39892482607092,3320.49079127435425,5.00043335976624448,4.99987082841716201,0.620750321274002759,-5.00016405096516614,4.99982397048368288,4.99982397873487372,-0.0024973729853043432,-0.00236003494304420523,-0.00250219248558526198,-0.00242454791743169484,-0.00290756225585937474,-0.00223220388800787414,-0.00278116407458326191,-0.00269932145368597916,-0.00272242596788686191,-0.0026423636067123427,-0.00253050721976527974,-0.00272425160753490521,-0.00268490979069331386,-0.002810953296638905,-0.00239841986455981929,-0.00260101296184888026,-0.00309152596666953166,-0.00292897784988162139,-0.0023850197381785794,-0.00234132034522097901,-0.00295041705079025296,-0.00266854405744908554,-0.00245662068904897333,-0.0024313192447729475,-4.71372836326177324,5.00029275891706071,-5.00091408392384196,-5.00065637306995114,4.99991771110885352,0.0000320992219495420096,0.0000530402868798037807,0.0000352049728031510732,0.0000658949322978504005,-0.0000102439400806426422,-0.0000209764612101284013,-0.0000570584759337396453,-0.0000428335632444430578,0.0000323313326197693598,-0.0000245307594153206914,-5.00063279766880519,-5.00154709255989171,5.00055064035444196,4.99935526994195722,4.99961300082820248,5.00076156385513926,5.00005834824183814,4.99954267101613503,-3.89188595773830936,5.00008178710937478,-0.00300617397282748828
4/23/2014 2:55:14.575 PM,178,3316.94061300991416,3320.91611263420645,3321.28206946395994,3319.35175467170165,3318.33434193598896,3319.90477388816589,3319.99698904640536,3319.99706988355956,3320.7319685575112,3317.2198214418031,3318.79748868268689,3318.05637477189384,3319.35175473930121,3318.61228426559228,3318.88984839489967,3318.79729864671799,3317.49911890536714,3321.09902883621589,3320.2730472984731,3319.1671088156263,3320.27293207943603,3319.07473616743618,3320.45649149292558,3320.36483488549629,3321.28206946395994,3320.18099016139103,3320.73235630330828,3319.90494721560298,3319.99684762994502,3319.44401308653778,3318.61233041735977,3319.72063644787294,3320.28107259205899,3320.46488970554764,3320.37295176137513,3320.923806957554,3321.29056440631529,3320.28117351541095,3320.4649415279523,3321.29025491472066,3318.80571648241129,3320.55669059515185,3321.83883291785969,3320.83178667030642,3320.55683445202157,3319.72881479869784,17.8275413062058874,17.8548594230186417,17.5000385316602305,17.858503037466658,18.4005700555948905,17.6407595366380221,17.4559023595255027,17.6647424209355712,16.2486272378106982,16.2452180358588265,16.1512048212966839,16.4750011756297709,16.4715014885999231,16.4974725672499005,16.4801218222253958,16.7206677282061236,17.4307063543088283,17.3956217922382628,17.2063011415739559,17.2383092061369183,17.3306927735494902,17.2526673343386818,17.2261367936332661,17.3368750374970233,3321.31607538995194,3321.77293234586977,3320.6746320025768,3322.320433429501,3320.39905545275405,3320.49092184538585,5.00043335976624448,4.99987082841716201,0.620981023350468009,-5.00016405096516614,4.99982397048368288,4.99982397873487372,-0.00248547085087931757,-0.00235972975295717022,-0.00249532570862696706,-0.00241554459883898095,-0.00290710449218749972,-0.00222411729839308179,-0.00278497823548251068,-0.0026956589151072392,-0.00269541474586865648,-0.00265426518323789301,-0.00251860369036270744,-0.00271723207100499267,-0.00267483851782114764,-0.00276517478358360557,-0.00239826730884891469,-0.00259490901704026097,-0.00307123035018087246,-0.00294301823932051343,-0.00238929259969684676,-0.0023028609856535604,-0.00295545256920084045,-0.0026537440726823896,-0.00244853277260368178,-0.0024192636712035507,-4.71284382619687658,5.00029275891706071,-5.00091408392384196,-5.00065637306995114,4.99991771110885352,0.0000219876922656079103,0.0000536932406228519616,0.0000401398356661664837,0.0000643632370688308412,-0.000012316537015909731,-0.0000211884987425411604,-0.0000494065234802312908,-0.0000423679810352643326,0.0000348384300095315436,-0.0000253743331953513092,-5.00063279766880519,-5.00154709255989171,5.00055064035444196,4.99935526994195722,4.99961300082820248,5.00076156385513926,5.00005834824183814,4.99954267101613503,-3.89151152460626859,5.00008178710937478,-0.00303043601607850188
4/23/2014 2:55:15.575 PM,179,3316.94050703515222,3320.91600855893739,3321.28196556681496,3319.35164984130369,3318.33423661986671,3319.9046693235573,3319.99688452623922,3319.99696536343253,3320.73186439282562,3317.21971559837084,3318.79738358715576,3318.05626932379391,3319.35164990890325,3318.61217908174649,3318.88974334346176,3318.79719355109591,3317.49901319361424,3321.09892484990814,3320.27294291156204,3319.16700389676407,3320.27282769246949,3319.07463120437023,3320.45638719473936,3320.36473054296175,3321.28196556681496,3320.18088573000795,3320.73225213881096,3319.90484265107807,3319.99674310971067,3319.4439083003931,3318.61222523353581,3319.72053179462545,3320.28147092636481,3320.46528770061058,3320.3733499261807,3320.92420410331669,3321.29096087090783,3320.28157184953033,3320.46533952291974,3321.29065137988846,3318.80611752028426,3320.5570884205913,3321.83922836011515,3320.83218398663712,3320.55723227719545,3319.72921414900247,17.827650868925982,17.8530665142649596,17.501060957451358,17.8634047055519716,18.6213716841319581,17.6472598553733739,17.4638476856913449,17.6767906926461222,16.2555121069557877,16.2169211652923018,16.1302929267109611,16.4686396913947099,16.4696305940002219,16.4904229605831709,16.476803553337227,16.7146098198975395,17.4431699110651408,17.3880699072414444,17.1972241711678713,17.2300717875454588,17.3230635959731991,17.2380341608922514,17.205341262898969,17.3346505882960251,3321.31668019529252,3321.77353585176115,3320.67523862372581,3322.32103537129478,3320.39966285092668,3320.49152898473403,5.00043335976624448,4.99987082841716201,0.620844311008858951,-5.00016405096516614,4.99982397048368288,4.99982397873487372,-0.00248806490581810532,-0.00234523322382299178,-0.00248403367540665993,-0.00242637910087428049,-0.00288375854492187471,-0.00222365956690545206,-0.00277734991368401357,-0.00268863904949798822,-0.00268564797632535064,-0.00263122495175894308,-0.00252592893922582882,-0.00272028404340930253,-0.00266186793912214642,-0.00278379137889276079,-0.00240818343005772245,-0.00259048365705401166,-0.0030550548964380312,-0.00292607820423663274,-0.00237235375582085838,-0.00230011388854160174,-0.00293851491636522733,-0.00262689049207477611,-0.00244746455722411483,-0.00239957798778010463,-4.71334508930664686,5.00029275891706071,-5.00091408392384196,-5.00065637306995114,4.99991771110885352,0.0000245537371627536264,0.0000538274927943198075,0.0000485121594532495466,0.0000644837589045803853,-0.0000119456673139436762,-0.0000223783496438501664,-0.0000436088036216596348,-0.0000428900437091631041,0.0000308313467803681305,-0.0000247397460479865058,-5.00063279766880519,-5.00154709255989171,5.00055064035444196,4.99935526994195722,4.99961300082820248,5.00076156385513926,5.00005834824183814,4.99954267101613503,-3.89122238410699506,5.00008178710937478,-0.00297992824050563685
4/23/2014 2:55:16.575 PM,180,3316.94124887812631,3320.91673710726399,3321.28269286844124,3319.35238367481588,3318.33497385299006,3319.90540129679584,3319.99761618842239,3319.99769702534286,3320.73259356698281,3317.22045652216365,3318.79811927635,3318.05700748063645,3319.35238374241544,3318.61291538905925,3318.89047872404307,3318.79792924092544,3317.49975319577697,3321.09965277559013,3320.27367364108658,3319.16773834944342,3320.27355842238375,3319.07536596643467,3320.45711730327548,3320.36546096189295,3321.28269286844124,3320.18161677079206,3320.7329813116512,3319.9055746237318,3319.99747477237087,3319.44464182417277,3318.61296154069441,3319.72126438825216,3320.28173866336101,3320.46555520961101,3320.37361754926041,3320.9244710415237,3321.29122735131795,3320.28183958640147,3320.46560703185559,3321.29091786068556,3318.80638707427897,3320.55735581559201,3321.8394941534384,3320.83245103947865,3320.557499672017,3319.72948256882591,17.8440006889128675,17.8602935148941775,17.501440091567563,17.8626426331499104,18.6832584380059821,17.6394221625008285,17.468486922480789,17.6793751984439638,16.2462233980618897,16.2062577522717746,16.1232842991481462,16.4566096392581755,16.4547013546547198,16.4761031738514667,16.4730693840017182,16.7248873071085171,17.4426415982712655,17.371254867505268,17.1826876156395016,17.2147016324682518,17.3034286684098895,17.2284466510523835,17.2017685080699145,17.3163151803040094,3321.31695333439756,3321.77380840403384,3320.67551258285129,3322.32130721721978,3320.39993716095614,3320.49180317787886,5.00043335976624448,4.99987082841716201,0.620562799546505617,-5.00016405096516614,4.99982397048368288,4.99982397873487372,-0.00249203228395978053,-0.00234370727338781542,-0.00249135823749550758,-0.00243187265120203789,-0.00288986206054687479,-0.00222899976759446603,-0.0027802486759674421,-0.00269275940539907052,-0.00269129438996757462,-0.002641600685140192,-0.00252699720468503412,-0.00272196262823167293,-0.00266507243503601729,-0.00280927475116021048,-0.00240528487155053242,-0.00259719799634349326,-0.00307351932948410475,-0.00293325101188476227,-0.0023900556106822516,-0.00231445984012627372,-0.00295774144120565345,-0.00266289870243498509,-0.00244410730888833337,-0.00242109489756852205,-4.71466128656473238,5.00029275891706071,-5.00091408392384196,-5.00065637306995114,4.99991771110885352,0.0000309116056913746285,0.0000538824141371930212,0.0000496890166346243944,0.0000645280010974504755,-0.00000166357191416872708,-0.0000168272375542816081,0.0000399903793561494006,-0.0000344500304811329618,0.0000275902787001156236,-0.0000221754648106782453,-5.00063279766880519,-5.00154709255989171,5.00055064035444196,4.99935526994195722,4.99961300082820248,5.00076156385513926,5.00005834824183814,4.99954267101613503,-3.89158461077996342,5.00008178710937478,-0.00300129104588388795
4/23/2014 2:55:17.575 PM,181,3316.94156018670946,3320.91704283679564,3321.28299807479925,3319.35269162225722,3318.33528322706615,3319.90570846357968,3319.99792322467283,3319.99800406147869,3320.73289955914197,3317.22076744501555,3318.79842800252163,3318.05731724234783,3319.35269168985632,3318.61322437462195,3318.89078732070675,3318.79823796736309,3317.50006373187079,3321.09995824383122,3320.27398028595052,3319.16804655671603,3320.27386506741095,3319.07567430353901,3320.45742368754372,3320.3657674764172,3321.28299807479925,3320.1819235462749,3320.73328730325784,3319.90588179027054,3319.99778180882185,3319.4449496416355,3318.61327052619253,3319.72157181537977,3320.28228719090702,3320.46610327001144,3320.37416584340053,3320.92501793241444,3321.29177330421953,3320.28238811369146,3320.4661550921246,3321.29146381437976,3318.80693932471012,3320.55790364241647,3321.8400386985545,3320.8329981652464,3320.55804749847538,3319.73003249543035,17.8357195759896143,17.850638575207558,17.4995461323123642,17.861662208867429,18.8296042831732535,17.6357787338413203,17.4618769761412551,17.6744408956104308,16.2417403691644964,16.1761831717262225,16.1067650117253258,16.449385621039017,16.4359733200283564,16.4627069715416709,16.4464156336370308,16.7100485428023262,17.4512179404577239,17.3671979670680194,17.1697218176003581,17.2124710422015425,17.2873435051265218,17.21494896835652,17.1897195617065357,17.322075556654962,3321.31719395581512,3321.77404850846551,3320.67575392668823,3322.32154669937472,3320.40017881393214,3320.49204472788096,5.00043335976624448,4.99987082841716201,0.620444091732028191,-5.00016405096516614,4.99982397048368288,4.99982397873487372,-0.00248180865567161711,-0.00235652525704329891,-0.00248098177453630634,-0.00242485311467212578,-0.00289001464843749965,-0.00221984513784187054,-0.00277872301160774285,-0.00268741820330507504,-0.00268656361097003573,-0.0026374809086505786,-0.00251951934647059788,-0.00271341710549960567,-0.00267071845164617086,-0.00277265194071597094,-0.00240558998297234206,-0.00260116556046909551,-0.00306878877225742449,-0.00293157226966924258,-0.00236212940861643293,-0.00231278105855785461,-0.00294660226411556535,-0.00265221830105695717,-0.00245326344071319187,-0.00240842891521080103,-4.71577890181739345,5.00029275891706071,-5.00091408392384196,-5.00065637306995114,4.99991771110885352,0.0000239538230374839867,0.0000537908785657376695,0.0000511558905014223512,0.0000644929124617259198,-0.00000373311642390523159,-0.0000168958827985878967,0.0000161966835638381002,-0.0000356300142440679031,0.0000293786646653020338,-0.0000227185249656346649,-5.00063279766880519,-5.00154709255989171,5.00055064035444196,4.99935526994195722,4.99961300082820248,5.00076156385513926,5.00005834824183814,4.99954267101613503,-3.89222895923823886,5.00008178710937478,-0.00298771040532199968
4/23/2014 2:55:18.575 PM,182,3316.94262659074911,3320.91809013021611,3321.28404357612908,3319.35374651295887,3318.33634300459698,3319.90676068019911,3319.9989749941601,3319.99905583057398,3320.7339477521732,3317.22183252776221,3318.79948556070576,3318.05837834769499,3319.35374658055798,3318.6142828213301,3318.89184443526937,3318.79929552645944,3317.50112748980473,3321.10100464222068,3320.27503071477167,3319.16910233745011,3320.2749154967928,3319.07673052900418,3320.45847322371446,3320.36681745877103,3321.28404357612908,3320.18297442252105,3320.73433549439596,3319.90693400604959,3319.99883357899489,3319.44600408710675,3318.61432897267968,3319.72262492378649,3320.28223494892563,3320.46605107251389,3320.37411362364537,3320.92496584628406,3321.29172130740926,3320.28233587173417,3320.46610289463978,3321.29141181749446,3318.80688672821588,3320.55785146716152,3321.83998683580148,3320.83294605674973,3320.55799532325545,3319.72998012022299,17.8286773653450332,17.8521160302699791,17.4946316044778669,17.8593359604496911,17.8305770878278018,17.6294959147554167,17.4602350840047151,17.6720393629118462,16.2406303446485047,16.1978443170055506,16.1000940385890452,16.4284045335692745,16.4309022841441035,16.4568742141555404,16.4502562913811268,16.6907408448163394,17.4469971069389054,17.3620635010496578,17.166032096711028,17.1966041743891935,17.284643692549345,17.2043318580845259,17.1836713018632814,17.3018738779149288,3321.31804588476734,3321.77489860699552,3320.67660841341376,3322.32239459469519,3320.4010343951827,3320.49289994454875,5.00043335976624448,4.99987082841716201,0.620623526680390003,-5.00016405096516614,4.99982397048368288,4.99982397873487372,-0.00248638639968124268,-0.00235515190165164028,-0.00248174474975389496,-0.00241859657124329081,-0.00289550781249999986,-0.00221267401120233721,-0.00278055380883938204,-0.00269703236707426663,-0.00268778445716294891,-0.00264755147340296716,-0.00251906151841665288,-0.00271128072481658907,-0.00266400426973139367,-0.00275907098184289884,-0.00239201252470182084,-0.00258788948051034843,-0.00306924656811807112,-0.00292729910766610169,-0.00236029818225146114,-0.00231705432073201238,-0.00294721262998351528,-0.00263360388722667926,-0.00244059745835547085,-0.0024133121855173926,-4.7160099957114836,5.00029275891706071,-5.00091408392384196,-5.00065637306995114,4.99991771110885352,0.0000289821108966142569,0.0000538061344943135603,0.0000432277501641189046,0.0000645218987260201191,0.00000152316033976181985,-0.0000128595424333781117,0.0000698870184794499211,-0.0000315527352908994281,0.0000285455087463670675,-0.0000215988447585054218,-5.00063279766880519,-5.00154709255989171,5.00055064035444196,4.99935526994195722,4.99961300082820248,5.00076156385513926,5.00005834824183814,4.99954267101613503,-3.89316534722981755,5.00008178710937478,-0.00296207503886809862
4/23/2014 2:55:19.575 PM,183,3316.94389169812484,3320.91933256548372,3321.28528388532868,3319.35499796135036,3318.33760025053652,3319.90800895616121,3320.00022273966169,3320.00030357561036,3320.7351912547042,3317.22309606760609,3318.80074017369634,3318.05963716890391,3319.35499802894855,3318.61553848843186,3318.89309852196447,3318.80055014053277,3317.50238945794262,3321.10224601565778,3320.27627686975893,3319.17035484174175,3320.27616165244444,3319.07798356090734,3320.45971831969564,3320.36806308408586,3321.28528388532868,3320.18422110831625,3320.73557899468187,3319.90818228101534,3320.00008132531047,3319.44725500729328,3318.61558463951905,3319.72387425773149,3320.2865578644496,3320.47037030646606,3320.37843469969948,3320.9292758633378,3321.29602393217646,3320.28665878523861,3320.47042212755286,3321.29571444850944,3318.81123898376927,3320.56216886030097,3321.84427836582153,3320.83725792486757,3320.56231271350907,3319.73431406171539,17.5724452171920298,17.8500727950040421,17.4907622816709995,17.8656617509231772,16.867961734955081,17.6371162848829712,17.463899622542776,17.6750189627949723,16.2562502636786625,16.2029592345782305,16.0993446968368836,16.435193518574021,16.4233733556045358,16.4571904750653495,16.4460775597605675,16.7034683206079357,17.4462951560078423,17.3559585946329378,17.1592395412539105,17.1902690229373896,17.3044146837691244,17.1988319795333027,17.186242997894432,17.2924967680543915,3321.32043909410595,3321.77728667444171,3320.67900880786692,3322.3247764730404,3320.40343786429957,3320.49530238950501,5.00043335976624448,4.99987082841716201,0.620480405947768099,-5.00016405096516614,4.99982397048368288,4.99982397873487372,-0.00248959082048798037,-0.00234492803373595633,-0.00249410494827882572,-0.00243843439187130381,-0.0029002380371093749,-0.00223662862572162865,-0.00278787699776593921,-0.00270771477126225757,-0.00269938249599562452,-0.00264922990086169851,-0.00252180848674032334,-0.0027286769675211541,-0.00268567276591090204,-0.0027949308170695502,-0.00240726809579229397,-0.00260208115219038878,-0.00308557462048112807,-0.00294958059525390892,-0.00239234464363846612,-0.00233460521894730301,-0.00295896217294155332,-0.00265420180417001933,-0.00245524726927524471,-0.00241697463824733574,-4.71525565883922848,5.00029275891706071,-5.00091408392384196,-5.00065637306995114,4.99991771110885352,0.0000297682579055553921,0.0000540319222372367646,0.0000450121159812748046,0.0000648163381475348321,0.0000048670925085174845,-0.000011314261711549876,0.0000768796882325363302,-0.0000296171344999531074,0.0000283776568213069107,-0.0000207354401301196538,-5.00063279766880519,-5.00154709255989171,5.00055064035444196,4.99935526994195722,4.99961300082820248,5.00076156385513926,5.00005834824183814,4.99954267101613503,-3.89417848333281258,5.00008178710937478,-0.00299533997867137492
4/23/2014 2:55:20.575 PM,184,3316.9438916992035,3320.91933256666061,3321.28528388651511,3319.35499796248814,3318.33760025164929,3319.90800895731308,3320.00022274081584,3320.0003035767645,3320.73519125587699,3317.22309606869157,3318.80074017482047,3318.05963717000986,3319.35499803008679,3318.61553848955145,3318.89309852309134,3318.80055014165691,3317.50238945903447,3321.10224601683967,3320.2762768709199,3319.17035484287544,3320.27616165360541,3319.07798356203829,3320.45971832086115,3320.3680630852491,3321.28528388651511,3320.18422110947494,3320.73557899585466,3319.90818228216721,3320.00008132646462,3319.44725500843378,3318.61558464063864,3319.72387425887836,3320.28920253691785,3320.47301272655886,3320.38107824678582,3320.93191264455845,3321.29865619081647,3320.28930345647131,3320.47306454701038,3321.29834671097205,3318.81390160638693,3320.56481015419012,3321.84690383672614,3320.83989583856373,3320.56495400563289,3319.73696547984082,17.5796312331575848,17.8561186264742737,17.4969613143634497,17.8729996008346283,16.3895308727366462,17.6424009652326426,17.4650004136869796,17.6792376611477877,16.2527847988871485,16.2031473041674694,16.0919158181943018,16.4491616571977097,16.4316342739224908,16.4532648443506204,16.4425315236059575,16.7006863424564109,17.4383897949010205,17.3415833993927997,17.1555938534892256,17.1915734767113584,17.286385982329147,17.1901641440018764,17.1876983173400219,17.2995841773369037,3321.32304039832615,3321.77988238951366,3320.68161792218416,3322.32736546066644,3320.40605032072289,3320.49791373268271,5.00043335976624448,4.99987082841716201,0.620586907303173341,-5.00016405096516614,4.99982397048368288,4.99982397873487372,-0.00247982496660077972,-0.00234096056260449728,-0.0024788454439270591,-0.00242119074778695403,-0.00288085937499999974,-0.00220992762227655839,-0.00277231522129700548,-0.002692454193850842,-0.00267160824510684868,-0.0026142880928571987,-0.00251692498749824228,-0.00271189111929745095,-0.00267132883182024132,-0.00277188896549838276,-0.00239018185617096389,-0.00258041214811978968,-0.00305383410747630743,-0.00292058413880402247,-0.00237128554044129143,-0.00229980865552916174,-0.00294751781291749046,-0.00264626779171776979,-0.00244761715942119588,-0.00241117575475825871,-4.7140492082851404,5.00029275891706071,-5.00091408392384196,-5.00065637306995114,4.99991771110885352,0.0000330502308555038048,0.0000572402440167468527,0.0000429331542678733209,0.0000652404529619446237,0.00000670617889069483609,-0.0000108856102971039403,0.0000738182968041881506,-0.0000297117774408353424,0.0000276146935255789184,-0.0000208910360172139106,-5.00063279766880519,-5.00154709255989171,5.00055064035444196,4.99935526994195722,4.99961300082820248,5.00076156385513926,5.00005834824183814,4.99954267101613503,-3.89540248601628081,5.00008178710937478,-0.00298313266131237454
4/23/2014 2:55:21.575 PM,185,3316.94443483262421,3320.9198659663516,3321.28581637342949,3319.35553523174894,3318.33814000994925,3319.90854486456692,3320.00075842032947,3320.0008392560785,3320.73572511377187,3317.22363852912985,3318.80127880272675,3318.06017760461463,3319.35553529934759,3318.61607757001547,3318.89363692504503,3318.80108877002749,3317.50293124469817,3321.10277896065872,3320.276811867584,3319.17089256546205,3320.27669665055464,3319.07852151114275,3320.46025286286612,3320.36859785451088,3321.28581637342949,3320.18475633402886,3320.73611285278593,3319.90871818899313,3320.0006170063275,3319.44779205092254,3318.61612372098989,3319.72441062035204,3320.29157946881923,3320.47538763406373,3320.38345416721313,3320.93428248394184,3321.30102196538246,3320.2916803872622,3320.47543945394409,3321.3007124889732,3318.81629467157426,3320.56718404948287,3321.8492635105922,3320.84226669579675,3320.56732789933858,3319.7393484746226,17.5915349591665588,17.8541763518648366,17.488246343593044,17.8722755585734205,15.6024676903938495,17.6417529984976937,17.4623748937710665,17.6712908424154058,16.2388149075861783,16.186048256167183,16.1010926631339934,16.4249884460511772,16.4274052286605254,16.4551291738941536,16.442719838216675,16.6957737074200487,17.4390529801524749,17.3379849597401048,17.1540492164836777,17.1944441576164877,17.2655830554114473,17.1998103285548574,17.1901885613040228,17.3007804244002621,3321.3254270880293,3321.78226395108186,3320.68401177777832,3322.32974084969328,3320.40844724275439,3320.500309633293,5.00043335976624448,4.99987082841716201,0.620900613301329618,-5.00016405096516614,4.99982397048368288,4.99982397873487372,-0.00249798335117229313,-0.00235393114130349893,-0.00248769595645108354,-0.00242714209397535807,-0.00289276123046874976,-0.00221114823957690478,-0.00277643451506819376,-0.00269687976130015238,-0.00269861946712505367,-0.0026458730459442358,-0.00251661976879561213,-0.00271753726824542361,-0.00266858212103692361,-0.00277066820515024142,-0.00239338552609996355,-0.00259887658116586323,-0.00307031475845957963,-0.00293065659209714108,-0.00236731788331718618,-0.00231797001976933193,-0.00295667330093674075,-0.00265160799240678376,-0.00244899057919492451,-0.00241483820748820228,-4.71361144257295361,5.00029275891706071,-5.00091408392384196,-5.00065637306995114,4.99991771110885352,0.0000442577868548160316,0.0000612479764536336938,0.0000503224741317327733,0.0000650741633404674071,0.0000169714859500515683,-0.00000503093368271423637,0.000162691741385372708,-0.0000224593804709725812,0.0000279336121831932188,-0.0000190986324158830343,-5.00063279766880519,-5.00154709255989171,5.00055064035444196,4.99935526994195722,4.99961300082820248,5.00076156385513926,5.00005834824183814,4.99954267101613503,-3.89683399850397638,5.00008178710937478,-0.00301181985710602569
4/23/2014 2:55:22.575 PM,186,3316.9447858825456,3320.92021072498528,3321.28616054209987,3319.3558824914362,3318.33848887839894,3319.90889124393606,3320.00110465250099,3320.00118548812088,3320.73607016856067,3317.22398914407676,3318.80162694055889,3318.06052691018658,3319.35588255903439,3318.61642600035338,3318.8939849168355,3318.80143690816021,3317.5032814235119,3321.10312342464476,3320.27715765840275,3319.17124011815076,3320.27704244155802,3319.07886921023873,3320.46059835982123,3320.3689434983512,3321.28616054209987,3320.1851022721421,3320.73645790695127,3319.90906456808579,3320.00096323872503,3319.44813916403791,3318.61647215125458,3319.72475729330108,3320.29408699565056,3320.47789302524097,3320.3859606269807,3320.93678252846075,3321.30351772168796,3320.29418791292164,3320.47794484451833,3321.3032082489035,3318.81881921835156,3320.56968837281738,3321.85175283091348,3320.84476781410467,3320.56983222099916,3319.7418623975409,17.6119921786264548,17.867410313801841,17.4950141732881086,17.8780518391778784,15.2493354760207556,17.6495083637296375,17.4775855250887098,17.6871036530614027,16.2709366497091103,16.2088150639441721,16.1059623717048801,16.4366323691646734,16.4341024726219835,16.4541336861567622,16.447361134262465,16.7044486414198729,17.4333774385460565,17.3371038545840434,17.15849679542643,17.1998045181752666,17.2748261490918047,17.2018980418762339,17.1892314373531327,17.3114669623013739,3321.32778775885117,3321.78461954958311,3320.68637953649749,3322.33209034283481,3320.41081803453607,3320.50267941477113,5.00043335976624448,4.99987082841716201,0.621286184827273713,-5.00016405096516614,4.99982397048368288,4.99982397873487372,-0.00249203228395978053,-0.00235667785208681663,-0.00248571222088535401,-0.00242729469259557332,-0.00288894653320312476,-0.00222152348662984622,-0.00277643451506819376,-0.00269169116498027116,-0.00270121376528499428,-0.00263778607727943896,-0.00251616194074166712,-0.00271463789446132944,-0.00267010807147209997,-0.00278470694915386669,-0.00240375931444148511,-0.00259429862255939909,-0.00307672390050862986,-0.00294790185303838923,-0.00241843961933931343,-0.00230698163132149817,-0.00295163778252615283,-0.00264092759102875583,-0.00245509466707816365,-0.00241560121847360712,-4.7138405521733695,5.00029275891706071,-5.00091408392384196,-5.00065637306995114,4.99991771110885352,0.0000813104982102104109,0.0000619299164609760604,0.0000469338581231048072,0.0000652343505905142674,0.0000242744140319757386,-0.000000154070437220781731,0.000200159448741990933,-0.0000190568140963516429,0.000027587226846932713,-0.0000172330072206254504,-5.00063279766880519,-5.00154709255989171,5.00055064035444196,4.99935526994195722,4.99961300082820248,5.00076156385513926,5.00005834824183814,4.99954267101613503,-3.89807783668343699,5.00008178710937478,-0.00301090430830410101
4/23/2014 2:55:23.575 PM,187,3316.94497134476887,3320.92039286368208,3321.28634236913467,3319.35606595137551,3318.33867318820648,3319.90907423882617,3320.00128756963022,3320.00136840518189,3320.73625246370875,3317.22417437651347,3318.80181086440006,3318.06071145091436,3319.3560660189737,3318.61661007871771,3318.89416876352652,3318.80162083216009,3317.50346642555086,3321.103305407687,3320.2773403423771,3319.17142373287606,3320.27722512563013,3319.07905290230655,3320.46078088855483,3320.36912610468016,3321.28634236913467,3320.18528503392781,3320.73664020177011,3319.90924756282947,3320.0011461559734,3319.44832254654738,3318.61665622958071,3319.72494044328186,3320.29558236635784,3320.47938712232598,3320.38745536133228,3320.93827343700468,3321.30500607290559,3320.29568328292998,3320.47943894124409,3321.30469660228254,3318.82032473910158,3320.57118183308239,3321.85323734395706,3320.84625936301517,3320.571325680266,3319.74336158262895,17.6399562363645153,17.8699710416511515,17.4994776652171531,17.8848721351312463,14.8476036786120424,17.6511561996069837,17.4767232774876007,17.6859378243495371,16.237872166937592,16.1954615469884935,16.1100496673878908,16.4352363747967054,16.4330863765901327,16.4559356535266694,16.4372030373407085,16.6977223586446541,17.4300108318927833,17.338988380742272,17.1593158749919325,17.1975030816339149,17.2993189788998514,17.2085788185328106,17.1919533139880123,17.3126665712643906,3321.32937453882459,3321.78620291997003,3320.68797108091803,3322.33366960923194,3320.41241161776452,3320.50427231887897,5.00043335976624448,4.99987082841716201,0.622795818653031907,-5.00016405096516614,4.99982397048368288,4.99982397873487372,-0.00247448426525621705,-0.002341113157648015,-0.00248601741097238945,-0.00242409012157104821,-0.00287979125976562484,-0.00221587813161574576,-0.00277582424932431389,-0.00268955468414267332,-0.00268381670703598087,-0.00262664742232603934,-0.00251600933139035227,-0.00270426118828667652,-0.00266812433590637044,-0.00278272321358813673,-0.00239033441188186892,-0.0025852953039666852,-0.00305139252955285946,-0.00292424684909242932,-0.00236182420422227082,-0.00229996127203538174,-0.00293988823956811479,-0.00264596263739268331,-0.00243800322100509422,-0.0024159064228677688,-4.71395472537864002,5.00029275891706071,-5.00091408392384196,-5.00065637306995114,4.99991771110885352,0.0000894146816480132705,0.000060058014024714109,0.0000442122804909500021,0.000065129084683340614,0.0000192241759916231617,-0.00000235529460464244446,0.000143270371835443053,-0.0000239980915098321212,0.0000324625623066345794,-0.0000187386262457433856,-5.00063279766880519,-5.00154709255989171,5.00055064035444196,4.99935526994195722,4.99961300082820248,5.00076156385513926,5.00005834824183814,4.99954267101613503,-3.89983968646977486,5.00008178710937478,-0.00296650019141073617
4/23/2014 2:55:24.575 PM,188,3316.94464678658232,3320.92007412173052,3321.28602417259799,3319.35574489722421,3318.33835064676941,3319.90875399852029,3320.00096746540703,3320.00104830107784,3320.73593344796472,3317.22385022045682,3318.80148899841196,3318.06038850536197,3319.3557449648224,3318.61628794231091,3318.89384703255245,3318.80129896589414,3317.50314267269504,3321.1029869381341,3320.27702064618006,3319.17110240784677,3320.27690542926211,3319.07873144192581,3320.46046146403159,3320.36880654436345,3321.28602417259799,3320.18496520155849,3320.73632118660225,3319.90892732277916,3320.00082605154148,3319.44800162789988,3318.61633409324122,3319.72461993156412,3320.2940151649268,3320.47782125569256,3320.38588882682279,3320.93671091206579,3321.30344622812754,3320.29411608223154,3320.4778730749872,3321.30313675523893,3318.81874690009681,3320.56961663385709,3321.85168152170945,3320.8446961669515,3320.56976048208662,3319.74179038360353,17.877752083658013,17.8740451681591601,17.4957902823182394,17.8905422002664132,14.9181468114077784,17.6581205468334303,17.4830781363811418,17.6963959203308008,16.2409577088042667,16.2034991437835352,16.1058254192671484,16.4526357221180035,16.4318327494683522,16.4529303383256362,16.4395299940633954,16.7086516593068062,17.4327321071811703,17.3463525384127841,17.1531309119475139,17.2069989694453405,17.2710592587664706,17.2105397186219378,17.199850574536562,17.321095314767593,3321.32890630991187,3321.78573569718173,3320.6875014460802,3322.33320359747676,3320.4119413813014,3320.50380228281528,5.00043335976624448,4.99987082841716201,0.623643099493383146,-5.00016405096516614,4.99982397048368288,4.99982397873487372,-0.0024931004242286928,-0.00234828512469334536,-0.00248647519610294262,-0.00242424272019126389,-0.00289276123046874976,-0.00222869461326937954,-0.00278497823548251068,-0.00268940207836855906,-0.00268686882251826381,-0.00264480495574322475,-0.00251753542490350257,-0.00270822875241227921,-0.00267361775747300629,-0.00279142113106864388,-0.00240604765010505586,-0.00259307783359767488,-0.00306161663710729712,-0.00292516252666453081,-0.00241630318858017954,-0.00229889295649184262,-0.00295468961186590292,-0.00264245336265418827,-0.00246241957253805037,-0.00241651683165609301,-4.71389763877600476,5.00029275891706071,-5.00091408392384196,-5.00065637306995114,4.99991771110885352,0.0000764150157681245645,0.0000603753373390926649,0.0000390392986651661426,0.000065609646433481222,0.0000276290296900884506,0.0000021829187689399857,0.000208585142698077838,-0.0000196185657454590938,0.0000304361317931810316,-0.0000177699655760879768,-5.00063279766880519,-5.00154709255989171,5.00055064035444196,4.99935526994195722,4.99961300082820248,5.00076156385513926,5.00005834824183814,4.99954267101613503,-3.9010891701365562,5.00008178710937478,-0.00304157519316858999
4/23/2014 2:55:25.575 PM,189,3316.94497134369521,3320.92039286250974,3321.28634236795278,3319.35606595024273,3318.33867318709872,3319.9090742376793,3320.00128756848107,3320.00136840403274,3320.73625246254141,3317.22417437543345,3318.80181086328093,3318.06071144981342,3319.35606601784093,3318.61661007760312,3318.89416876240511,3318.80162083104096,3317.50346642446356,3321.10330540651011,3320.27734034122113,3319.17142373174738,3320.27722512447371,3319.0790529011806,3320.46078088739386,3320.36912610352192,3321.28634236795278,3320.18528503277411,3320.73664020060277,3319.9092475616826,3320.00114615482425,3319.44832254541188,3318.61665622846567,3319.72494044213954,3320.29315973607344,3320.47696655542495,3320.38503376200196,3320.93585803582982,3321.30259481483017,3320.2932606537779,3320.47701837492559,3321.30228534070556,3318.81788566482873,3320.56876229788758,3321.85083230407144,3320.84384292438835,3320.56890614668873,3319.7409327727023,17.8839477176321431,17.8624396536779244,17.4978804819244757,17.8997058794729398,14.6762712324188644,17.6631012828779283,17.4855482113576244,17.6949864460973565,16.2420589548027117,16.1951574695469276,16.1229985370166275,16.4540415522253376,16.4298884598597361,16.4617249244213077,16.4413182063690186,16.708382875151603,17.4392514610406444,17.3461745144887338,17.1645252342848238,17.2167158047330595,17.289151200487936,17.2077737878140482,17.1988355778167623,17.3157425635304811,3321.32798285380613,3321.78481422531422,3320.68657521726254,3322.33228451396189,3320.41101396598196,3320.50287526271586,5.00043335976624448,4.99987082841716201,0.624072461691248859,-5.00016405096516614,4.99982397048368288,4.99982397873487372,-0.00248882786315304284,-0.0023656809596543588,-0.00249654646897510841,-0.00242775248845621995,-0.00290161132812499995,-0.00223342450530822053,-0.00278863982994578905,-0.00270542568465054504,-0.00271113314060241438,-0.00265319709303688195,-0.0025240976270100488,-0.0027375276874936523,-0.00268094231956185437,-0.00278653808967607849,-0.0023994877545361528,-0.00261245785836504169,-0.00307763949222992269,-0.00291798971901640128,-0.00239493888098884274,-0.00232163281591861014,-0.00295041705079025296,-0.00264962448929372159,-0.00245036399896865357,-0.0024262833722692753,-4.71367158193508828,5.00029275891706071,-5.00091408392384196,-5.00065637306995114,4.99991771110885352,0.0000833376889439459921,0.0000593837019816596809,0.0000506567565217731008,0.0000662900608479660063,0.0000227649896071015472,-0.000000456109512168452672,0.00014182513869354587,-0.0000241400559211554687,0.0000286935236257383005,-0.0000196584725194476559,-5.00063279766880519,-5.00154709255989171,5.00055064035444196,4.99935526994195722,4.99961300082820248,5.00076156385513926,5.00005834824183814,4.99954267101613503,-3.90222788018725719,5.00008178710937478,-0.00300068068001593802
4/23/2014 2:55:26.575 PM,190,3316.94548136057847,3320.92089373930775,3321.28684238764344,3319.35657046061169,3318.33918003470444,3319.90957746910817,3320.00179058605908,3320.0018714214234,3320.73675376959863,3317.22468376037841,3318.80231664943403,3318.06121893247746,3319.35657052820988,3318.61711628871262,3318.89467433638628,3318.80212661763016,3317.50397517578721,3321.10380585523944,3320.27784271759537,3319.17192866779487,3320.27772750111626,3319.07955804993071,3320.4612828368381,3320.36962826636272,3321.28684238764344,3320.18578762313973,3320.73714150675459,3319.90975079270992,3320.00164917273059,3319.44882684283993,3318.61716243947012,3319.72544410008595,3320.29293771514358,3320.47674472358812,3320.38481183555086,3320.9356366773909,3321.30237383607391,3320.29303863295172,3320.47679654314197,3321.30206436162825,3318.81766213693663,3320.56854056059864,3321.85061189516318,3320.84362147087495,3320.56868440954758,3319.74071018545692,17.8853564494480182,17.8624035921839912,17.5093354112651021,17.9014195276295744,16.9722426024323631,17.6645106973700123,17.489239713227569,17.7050639426111829,16.2400436489335611,16.2008331623059298,16.1164121563346967,16.4419765532729691,16.4316804311550832,16.4546058178628627,16.451261443403105,16.7126106522981388,17.4460006405025574,17.3609151781891136,17.1773675122939018,17.217224154599581,17.2922480520353154,17.2149818287099023,17.2108366581263432,17.3242413759098035,3321.32715044092992,3321.78398360102482,3320.68574030507352,3322.33145604252649,3320.41017798428311,3320.50203963726789,5.00043335976624448,4.99987082841716201,0.624740002421761531,-5.00016405096516614,4.99982397048368288,4.99982397873487372,-0.00249905149144120584,-0.00236796988530712377,-0.00249441013836586116,-0.00242256413536889349,-0.00290954589843749967,-0.00223800182018451827,-0.0027901654943054883,-0.00270054229987889234,-0.00273081928546314032,-0.0026564013636399147,-0.00253157548522448504,-0.00272806657304029221,-0.00268231567495351344,-0.00278546992437145487,-0.00240375931444148511,-0.00261001628044159372,-0.00309564612941535004,-0.0029501910469686434,-0.00239722791394505769,-0.00231690170422579238,-0.002962166593748291,-0.00265893169620886032,-0.00246272477693221248,-0.00243376087992624307,-4.71409332065990405,5.00029275891706071,-5.00091408392384196,-5.00065637306995114,4.99991771110885352,0.0000965831211703192144,0.0000581128831312878748,0.0000477611688783644302,0.0000673762829625695133,0.00000572787650814240292,-0.00000956304525680277423,-0.000015679329778090327,-0.0000374236506236908797,0.0000383587426560204963,-0.000022530894631197475,-5.00063279766880519,-5.00154709255989171,5.00055064035444196,4.99935526994195722,4.99961300082820248,5.00076156385513926,5.00005834824183814,4.99954267101613503,-3.9032782459904225,5.00008178710937478,-0.00301822869871950107
4/23/2014 2:55:27.575 PM,191,3316.94611722329546,3320.92151820636399,3321.28746578607615,3319.35719945792607,3318.33981194603484,3319.91020487186733,3320.00241772219351,3320.00249855732363,3320.73737877309258,3317.22531883520832,3318.80294723736733,3318.06185163558393,3319.35719952552381,3318.61774740647342,3318.8953046597885,3318.8027572061078,3317.5046094606314,3321.10442978858873,3320.27846905429078,3319.17255819583533,3320.27835383814544,3319.08018784316391,3320.46190864124628,3320.37025433682947,3321.28746578607615,3320.18641422663449,3320.73776650911986,3319.91037819496796,3320.00227630927383,3319.4494555746628,3318.61779355709859,3319.72607203461802,3320.29184720098101,3320.475655138207,3320.38372178544659,3320.93454941723484,3321.30128844083265,3320.29194811929846,3320.47570695802278,3321.30097896481083,3318.81656422091555,3320.56745143961461,3321.84952929888777,3320.8425337437352,3320.5675952892916,3319.73961688967938,17.8896798865488726,17.8650554725719601,17.5108461433664111,17.9096234950449578,16.4124673671805432,17.6759111937856339,17.5007918554221042,17.7090061631774347,16.2309724765061389,16.2081329744188345,16.1174670516909408,16.4399855363921858,16.432659226006276,16.4590882099789688,16.4495745766654302,16.7132846917801068,17.4492961289901665,17.3577417862471464,17.1773907582193992,17.2207484509287774,17.2964580140559931,17.2211710749815161,17.2113926089077083,17.3298956688678558,3321.32655214569058,3321.7833865913517,3320.68514021342434,3322.33086058024082,3320.40957712391218,3320.50143903295566,5.00043335976624448,4.99987082841716201,0.625042417445275999,-5.00016405096516614,4.99982397048368288,4.99982397873487372,-0.00249706780237036801,-0.00236400241417566472,-0.00249669906401862613,-0.002411424436093163,-0.00290634155273437498,-0.00223479769977110972,-0.00279428478807667701,-0.00269672715552603855,-0.00271708476579286644,-0.00264800922634625749,-0.00253203331327843005,-0.00274042706127774647,-0.00268201048486647799,-0.00278028169289185447,-0.00240742065150319857,-0.0026089480901000852,-0.00307504531568625946,-0.00295614295118730441,-0.00234351194057255382,-0.0023220906654372697,-0.00295041705079025296,-0.00266183066229718239,-0.00245433165609275882,-0.00243421868651748623,-4.7141272062903452,5.00029275891706071,-5.00091408392384196,-5.00065637306995114,4.99991771110885352,0.0000763615883014974928,0.0000586743013028807041,0.0000437680970411703926,0.0000677134389840967205,0.0000168463365032975923,-0.00000617502108781905133,0.0000839242459759337453,-0.0000302781085870822552,0.0000439634710264383183,-0.0000213135856321659549,-5.00063279766880519,-5.00154709255989171,5.00055064035444196,4.99935526994195722,4.99961300082820248,5.00076156385513926,5.00005834824183814,4.99954267101613503,-3.90465818618853832,5.00008178710937478,-0.00302601086353586389
4/23/2014 2:55:28.575 PM,192,3316.94610397602127,3320.92150519648748,3321.28745279846134,3319.35718635367402,3318.3397987810772,3319.91019180083367,3320.00240465671413,3320.00248549184925,3320.73736575204066,3317.22530560434779,3318.80293409997921,3318.0618384541317,3319.35718642127176,3318.61773425804767,3318.89529152791101,3318.8027440687083,3317.50459624622817,3321.10441678983079,3320.27845600546561,3319.17254508052701,3320.278340789313,3319.08017472233086,3320.46189560350967,3320.3702412935504,3321.28745279846134,3320.18640117225095,3320.73775348809158,3319.91036512394475,3320.00226324378582,3319.44944247594139,3318.61778040867557,3319.72605895250626,3320.2917818997721,3320.47558989260869,3320.3836565120232,3320.93448431086017,3321.30122344612073,3320.29188281812003,3320.47564171244039,3321.30091397000433,3318.8164984765176,3320.56738622182229,3321.8494644717648,3320.84246860939993,3320.56753007154293,3319.73955142192016,17.8995867749237547,17.8691851535513599,17.5233468614432972,17.9203694568964877,17.7260378618833094,17.6865828580056572,17.5048443616419895,17.71472985030843,16.2249789640861763,16.211123967091499,16.1142126978231737,16.4555373745488573,16.4241495374314681,16.4583473325342062,16.4530234109730422,16.717873712095141,17.4519773000836267,17.3678812279306456,17.1848689124651166,17.2209181901859907,17.3171045196032445,17.2214931516203649,17.2092028391646146,17.3283910348424683,3321.3259473473895,3321.78278309259258,3320.68453359918476,3322.33025864569162,3320.40896973259396,3320.50083190048008,5.00043335976624448,4.99987082841716201,0.625313705998156388,-5.00016405096516614,4.99982397048368288,4.99982397873487372,-0.00248928563755400519,-0.00235667785208681663,-0.00248891671679922488,-0.00240623608300583655,-0.00289520263671874971,-0.00223708635720925881,-0.00278558850122639012,-0.00268940207836855906,-0.00272440984295034593,-0.00265014540674827961,-0.00252852329819818443,-0.00272242042409231912,-0.00266934509625451179,-0.00279050556080753798,-0.00240513231583962782,-0.00260635391355642197,-0.00306741538467548546,-0.00294546004617945133,-0.00241187772486483112,-0.002341778194739639,-0.00295667330093674075,-0.00265435438133256258,-0.00245890972200518828,-0.0024262833722692753,-4.71405622963198834,5.00029275891706071,-5.00091408392384196,-5.00065637306995114,4.99991771110885352,0.0000313817673976928189,0.0000583829130670811693,0.0000362139255877020104,0.000067411371598294069,0.0000229954477346606999,-0.00000722453060076853425,0.0000666775936669792224,-0.0000317450741707568727,0.0000387142835518297372,-0.0000208651033693648673,-5.00063279766880519,-5.00154709255989171,5.00055064035444196,4.99935526994195722,4.99961300082820248,5.00076156385513926,5.00005834824183814,4.99954267101613503,-3.9051127242082404,5.00008178710937478,-0.00301426132057782586
4/23/2014 2:55:29.575 PM,193,3316.94653450874057,3320.92192801345709,3321.28787489188926,3319.3576122379809,3318.34022663840005,3319.91061660550258,3320.00282928085698,3320.00291011583385,3320.73778893222061,3317.22573560360615,3318.80336106125923,3318.06226684754892,3319.35761230557864,3318.61816157806197,3318.89571831008288,3318.80317103035668,3317.50502571060496,3321.10483924543905,3320.27888008832633,3319.17297132417707,3320.27876487240018,3319.080601145537,3320.46231932597038,3320.37066519615382,3321.28787489188926,3320.18682543575596,3320.7381766675071,3319.91078992827442,3320.00268786820606,3319.44986818049028,3318.61820772860073,3319.72648411722684,3320.2910374791727,3320.47484610603851,3320.38291240821217,3320.93374211159607,3321.30048251993366,3320.2911383978685,3320.47489792604892,3321.30017304274133,3318.81574900306804,3320.56664275227149,3321.84872545628104,3320.84172609135157,3320.56678660248917,3319.73880510246272,17.9200212266784469,17.8916087278169264,17.5346629779772556,17.9299313566547909,18.3266938259884249,17.6897555968494124,17.5159286331219412,17.722083201185697,16.2250324662179786,16.2121676939096133,16.1135047883333868,16.4270407352575454,16.4260314715221582,16.4542123116026815,16.4542200761470845,16.7109988454983806,17.4528904562590377,17.3700885029234904,17.1880664962434579,17.2286053918878288,17.3103296868441063,17.2221781843036155,17.211257873777388,17.3277062204168963,3321.32594734595204,3321.78278309113648,3320.68453359777413,3322.33025864421233,3320.4089697311947,3320.50083189907673,5.00043335976624448,4.99987082841716201,0.624057356198146951,-5.00016405096516614,4.99982397048368288,4.99982397873487372,-0.00249691521090338042,-0.00235026886025907489,-0.002499903559932497,-0.00241752838090178229,-0.00290115356445312493,-0.00225005541602543583,-0.0027965732846162261,-0.00270405223268351761,-0.00273234534320428201,-0.00266372541073256084,-0.00253600115641262067,-0.00272821917166050747,-0.00267926377408315986,-0.00279111594098160843,-0.00241092943285400744,-0.00260726950527771523,-0.00309381494597276395,-0.00294469698153603313,-0.0023963123007625718,-0.00233903109762768034,-0.00296277695961624094,-0.00265603273012053826,-0.00245326344071319187,-0.00242948801840797571,-4.7137182891554259,5.00029275891706071,-5.00091408392384196,-5.00065637306995114,4.99991771110885352,-0.00000325144296901866122,0.0000479432811425982612,0.0000179734024781956202,0.0000564850755522402034,0.000024207260670302872,-0.00000802539178434190413,0.000080820123261447099,-0.0000307406377981680058,0.0000370159272555392282,-0.0000207171347316379777,-5.00063279766880519,-5.00154709255989171,5.00055064035444196,4.99935526994195722,4.99961300082820248,5.00076156385513926,5.00005834824183814,4.99954267101613503,-3.90512859260503431,5.00008178710937478,-0.00303241970514933927
4/23/2014 2:55:30.575 PM,194,3316.94726972667604,3320.92265005531453,3321.2885956981654,3319.35833951788754,3318.34095728759803,3319.91134204172613,3320.00355440879957,3320.00363524350632,3320.73851159432661,3317.22646991055762,3318.80409018029831,3318.06299841222789,3319.35833958548482,3318.61889130970621,3318.89644712326116,3318.80390015002467,3317.50575910414681,3321.10556067020479,3320.27960429192853,3319.17369921772888,3320.27948907638847,3319.08132934571449,3320.46304291412252,3320.37138909193254,3321.2885956981654,3320.18754994784149,3320.73889932830843,3319.91151536391908,3320.00341299662159,3319.45059515342654,3318.61893746009218,3319.72721016830564,3320.29160559147976,3320.47541373448984,3320.38348027876418,3320.9343085287046,3321.30104796550085,3320.29170650991,3320.47546555436383,3321.30073848912934,3318.81632097142755,3320.56721013879178,3321.84928944370631,3320.84229275173811,3320.56735398862974,3319.73937466387224,17.9514532879063182,17.9257960649733157,17.5588101424398424,17.9537646237970136,18.4201706808436825,17.7224175527017671,17.5490451210651592,17.7528283309685904,16.223459102664453,16.2202654797395702,16.1108641019440952,16.4431302437158422,16.4373286624083938,16.4598733894739659,16.4546260047830657,16.7086634575704806,17.4482633381228496,17.3787795710593862,17.200262736040905,17.2363840861392958,17.3281569672008651,17.2272938340381145,17.2110446801996915,17.3369292912306285,3321.32587580846529,3321.78271170732978,3320.68446184553977,3322.33018744538503,3320.40889788706499,3320.50076008555697,5.00043335976624448,4.99987082841716201,0.622607839183319522,-5.00016405096516614,4.99982397048368288,4.99982397873487372,-0.00250210332078095593,-0.00237270033165617143,-0.00249929317975842611,-0.00241996995882523026,-0.00289794921874999981,-0.00222747399596903315,-0.00280206567631114409,-0.00271244555025979646,-0.00272425723717623167,-0.00265380743029460268,-0.00253935856214155143,-0.00272730357993921464,-0.00267850079886557168,-0.00279111594098160843,-0.0024226762225936717,-0.00261673061973107489,-0.00308252264807681821,-0.00295660078997335516,-0.00238746137333187497,-0.00232254851495592926,-0.00296033549614444077,-0.00266335643392261482,-0.00246272477693221248,-0.00244429043152483063,-4.71322603168617782,5.00029275891706071,-5.00091408392384196,-5.00065637306995114,4.99991771110885352,-0.0000441387199291899899,0.0000207556908275010904,-0.00000551336983025415611,0.000028147188222520774,0.0000222323413520144985,-0.00000667841954606516887,0.000089105414420221916,-0.0000297056714446493899,0.000048242169188880899,-0.0000201374637797182059,-5.00063279766880519,-5.00154709255989171,5.00055064035444196,4.99935526994195722,4.99961300082820248,5.00076156385513926,5.00005834824183814,4.99954267101613503,-3.90506389837195167,5.00008178710937478,-0.0030069369301624258
4/23/2014 2:55:31.575 PM,195,3316.94739557399543,3320.92277364719575,3321.28871907854409,3319.35846400640093,3318.34108235285612,3319.9114662146444,3320.00367852894714,3320.00375936360751,3320.73863529238042,3317.22659560193778,3318.80421498362829,3318.06312363419465,3319.35846407399867,3318.61901621790002,3318.89657187423517,3318.80402495346288,3317.50588463917256,3321.10568415645457,3320.2797282538504,3319.17382381128391,3320.27961303837673,3319.08145399175691,3320.46316677069398,3320.37151300116238,3321.28871907854409,3320.18767396256862,3320.73902302613851,3319.91163953673822,3320.00353711685011,3319.45071958939434,3318.61906236826007,3319.72733444647246,3320.29091993660222,3320.47472866356611,3320.38279491565481,3320.93362491972175,3321.30036552904766,3320.29102085535305,3320.47478048360517,3321.30005605168571,3318.81563066277249,3320.56652535984903,3321.84860876704988,3320.84160884914854,3320.56666921014493,3319.73868726010732,17.9707959134048032,17.9630284429211606,17.5889709178943363,17.9815552492400741,20.713970047727603,17.7500600130172366,17.5754689948430354,17.7682148584410235,16.2228773608761116,16.2084886193908346,16.1139380266673378,16.4666066071557715,16.427455028360562,16.463023674727534,16.446578741403524,16.6991734923760937,17.4517475041849366,17.3805133474070708,17.1989517832072742,17.2328663422898778,17.3177120588610265,17.2282668648942767,17.2141484989086102,17.3300638258435455,3321.32585629999994,3321.78269224080031,3320.6844422784743,3322.33016802933207,3320.40887829492339,3320.50074050176817,5.00043335976624448,4.99987082841716201,0.622286656728981424,-5.00016405096516614,4.99982397048368288,4.99982397873487372,-0.0024961522535684429,-0.00236156089347938202,-0.00249639387393159069,-0.00242332712846997063,-0.00289886474609374984,-0.00222854203610683629,-0.00278040124240341207,-0.00270786737703637183,-0.0027031976403484783,-0.00264785664203182752,-0.00252394501765873351,-0.00272303081857318101,-0.00267041326155913542,-0.0027840965689797958,-0.00240177609019972356,-0.00260314934253189686,-0.00307458751982561326,-0.00294576527203681878,-0.00236945431407631964,-0.00229904557299806219,-0.00294858595318640273,-0.00265328634119475987,-0.00245021139677157251,-0.00241666943385317407,-4.71235538467700277,5.00029275891706071,-5.00091408392384196,-5.00065637306995114,4.99991771110885352,-0.0000308719167161659457,0.0000139927376898081589,-0.0000054706305292444341,0.0000160904278689933113,0.0000142319340363516977,-0.00000728859949545440391,0.0000645425554774183551,-0.000031093259077906652,0.0000380657647504609444,-0.0000213700272774844572,-5.00063279766880519,-5.00154709255989171,5.00055064035444196,4.99935526994195722,4.99961300082820248,5.00076156385513926,5.00005834824183814,4.99954267101613503,-3.90536188855405219,5.00008178710937478,-0.00301944943045540136
4/23/2014 2:55:32.575 PM,196,3316.94775986975764,3320.92313141414069,3321.2890762332513,3319.3588243688273,3318.34144438478415,3319.91182566351608,3320.00403782506373,3320.00411865958994,3320.73899336666181,3317.22695944630277,3318.80457625735471,3318.06348611974908,3319.35882443642458,3318.61937779517529,3318.89693299640566,3318.8043862275008,3317.50624803093751,3321.10604161762739,3320.28008709195137,3319.17418447777481,3320.27997187666869,3319.08181481018255,3320.46352530383592,3320.37187168673517,3321.2890762332513,3320.18803295352427,3320.73938109977325,3319.91199898532249,3320.00389641320089,3319.45107979971499,3318.61942394545985,3319.72769420000804,3320.29085463779756,3320.47466342038387,3320.38272964464113,3320.93355981579134,3321.30030053680275,3320.29095555657886,3320.4747152404384,3321.29999105934621,3318.81556492068784,3320.56646014447824,3321.84854394242802,3320.84154371725162,3320.56660399481779,3319.73862179471825,18.0093703400095251,17.9947749744069973,17.6221676835138474,18.0040141154748952,22.1485439962733643,17.7808142295317104,17.6123068486719987,17.7881572661296978,16.2132297035063288,16.2401907463280324,16.1317814862003779,16.4676930332696436,16.4391288940138018,16.4604549176102779,16.4545981903687135,16.7108435148641874,17.452065960861546,17.3917909623197993,17.1940172138403895,17.2466565699284899,17.3292201053532508,17.2393192028600843,17.2157606956416309,17.3294689002120954,3321.32605139736142,3321.78288691896978,3320.68463796160131,3322.33036220293615,3320.40907422871214,3320.50093635206258,5.00043335976624448,4.99987082841716201,0.622507135895973618,-5.00016405096516614,4.99982397048368288,4.99982397873487372,-0.00248989600342195512,-0.00235225259582480441,-0.00248784855149460126,-0.00241752838090178229,-0.00288925170898437491,-0.0022232018354178219,-0.00278131664101923188,-0.00269031771301324373,-0.00268503755322889405,-0.00263946450473817032,-0.00251494106593114697,-0.00272638798821792181,-0.00266858212103692361,-0.00277936612263074813,-0.00239765708600529585,-0.00259429862255939909,-0.00306390561641052897,-0.00289570823142859405,-0.0023654866569522144,-0.00230804994686503728,-0.00295346888013000306,-0.00264901418064354861,-0.0024407500605525519,-0.00241819545582398375,-4.71054174025852212,5.00029275891706071,-5.00091408392384196,-5.00065637306995114,4.99991771110885352,-0.0000276861132061462485,0.0000117623209320127463,-0.0000162073535043296186,0.0000121696542249890631,0.00000585302595489637986,-0.00000978728638820331804,0.0000332098399163931906,-0.0000327754610271360268,0.000028135034493265409,-0.0000219893599261145295,-5.00063279766880519,-5.00154709255989171,5.00055064035444196,4.99935526994195722,4.99961300082820248,5.00076156385513926,5.00005834824183814,4.99954267101613503,-3.90644841599221903,5.00008178710937478,-0.00299549257013836251
4/23/2014 2:55:33.575 PM,197,3316.94798507182349,3320.92335258030698,3321.28929702095274,3319.359047139435,3318.34166818742278,3319.91204786939397,3320.00425993651379,3320.00434077095724,3320.73921472281335,3317.22718436932973,3318.80479959129752,3318.06371020280403,3319.35904720703229,3318.61960131676278,3318.89715623666188,3318.80460956163642,3317.50647267418253,3321.10626259477521,3320.28030892027118,3319.1744074363446,3320.28019370510674,3319.08203786267358,3320.46374694364021,3320.37209342076721,3321.28929702095274,3320.18825487633421,3320.73960245552552,3319.91222119102303,3320.00411852479555,3319.45130247629595,3318.6196474670005,3319.72791659421955,3320.29079586832904,3320.47460470097303,3320.38267090018371,3320.93350122170113,3321.30024204322398,3320.29089678713762,3320.47465652104165,3321.29993256568241,3318.81550575228811,3320.56640145009623,3321.84848559970259,3320.84148509799297,3320.56654530047535,3319.7385628753318,18.0323610005342161,18.0273636001360344,17.646466679514468,18.0282274958958126,20.787297589226295,17.8000865118290044,17.6447377005469867,17.8212584573162509,16.2131797531364761,16.2188930013212094,16.1346261370866273,16.4636842298815971,16.4367940365643861,16.4644415937336035,16.4466258152399796,16.7224431530880082,17.4530688880853084,17.3969035658691489,17.2003499147533993,17.2456044549103993,17.3345622270463231,17.2357550374457062,17.2138715868368521,17.3348096967954461,3321.32588881474384,3321.78272468565956,3320.68447489087293,3322.33020039007351,3320.40891094911103,3320.50077314203599,5.00043335976624448,4.99987082841716201,0.622518121709138672,-5.00016405096516614,4.99982397048368288,4.99982397873487372,-0.00246227694789721624,-0.00232692181860087201,-0.00246511189001046927,-0.00241188223195380963,-0.00286666870117187464,-0.00221419978282776965,-0.00275232901818494311,-0.00267322586631245883,-0.0026627571102082275,-0.00262237506152199554,-0.00249952752144832905,-0.002695563066934394,-0.00264782919511852115,-0.00276227547775676971,-0.00237233283799511037,-0.00256820425850255111,-0.003038574245454759,-0.00291325871822720921,-0.00236182420422227082,-0.00235230873366881321,-0.00293653122729438951,-0.00261926163394761305,-0.00243556158585179865,-0.00239545772845891833,-4.70847334305983178,5.00029275891706071,-5.00091408392384196,-5.00065637306995114,4.99991771110885352,-0.0000335020745732641411,0.00000655852369477597764,-0.000038882079093594675,0.00000781408661657189295,0.00000874977778342137015,-0.00000917863188868755628,0.0000401307821534614817,-0.0000324762672140244523,0.0000253196999320291204,-0.0000212769748352025993,-5.00063279766880519,-5.00154709255989171,5.00055064035444196,4.99935526994195722,4.99961300082820248,5.00076156385513926,5.00005834824183814,4.99954267101613503,-3.90743134110901069,5.00008178710937478,-0.00297763936850082428
4/23/2014 2:55:34.575 PM,198,3316.94799169471252,3320.92335908442828,3321.28930351393683,3319.35905369077136,3318.34167476912944,3319.91205440411158,3320.00426646845244,3320.00434730289362,3320.73922123252577,3317.22719098400739,3318.80480615921169,3318.06371679276253,3319.35905375836864,3318.61960789019849,3318.89716280181937,3318.80461612955605,3317.50647928062653,3321.1062690933345,3320.28031544387795,3319.17441399321251,3320.2802002287176,3319.08204442230498,3320.46375346169998,3320.37209994159957,3321.28930351393683,3320.18826140272176,3320.73960896522567,3319.91222772573564,3320.00412505673875,3319.45130902486516,3318.61965404043485,3319.72792313447962,3320.29114848854669,3320.47495702086098,3320.38302337034383,3320.93385278970663,3321.3005930081922,3320.29124940719066,3320.47500884084502,3321.3002835311604,3318.81586076596431,3320.56675361981751,3321.8488356595999,3320.84183681700142,3320.56689746996062,3319.73891639500971,18.0611745806762514,18.0671466483540755,17.6676901918670239,18.0444227465517954,22.5649991526787588,17.8333997181379331,17.6665629118816234,17.8440632039993225,16.2094439670783963,16.2223910112090266,16.1331733858944375,16.4610143512225484,16.44691849780898,16.4613133297078065,16.4490578550662469,16.7213717048573507,17.4568338305058646,17.4027998046326644,17.2060193436714321,17.2397798857676427,17.3209726345407162,17.2348012136317656,17.2215948105172138,17.333019095383424,3321.32575225100345,3321.78258841541173,3320.68433791701545,3322.33006447309162,3320.40877379975518,3320.50063605113837,5.00043335976624448,4.99987082841716201,0.623170099204334193,-5.00016405096516614,4.99982397048368288,4.99982397873487372,-0.00245861475268951621,-0.00231624016555463533,-0.00246129701392252751,-0.00240242111750044955,-0.00286773681640624997,-0.0021928389800717138,-0.0027482097244137544,-0.00266086479860921238,-0.00266031541782240115,-0.00259933483004304604,-0.00249159183517994737,-0.0026862545511012496,-0.00263531640155007267,-0.00277478827132521819,-0.00236729849953525419,-0.0025666782723003964,-0.00304879835300919623,-0.00291676881558693233,-0.00236624966793761923,-0.00227813711164593378,-0.00292188244646358897,-0.00262063482841050225,-0.00241145043871300461,-0.00239545772845891833,-4.70776006580284178,5.00029275891706071,-5.00091408392384196,-5.00065637306995114,4.99991771110885352,-0.0000359811090247600586,0.00000498868864431668877,-0.0000289039787114320589,0.000004848334101418484,0.00000343855736020379137,-0.0000139624426918991529,-0.0000159967621894045953,-0.0000374267036217838543,0.000030169094639676235,-0.0000224759784357524434,-5.00063279766880519,-5.00154709255989171,5.00055064035444196,4.99935526994195722,4.99961300082820248,5.00076156385513926,5.00005834824183814,4.99954267101613503,-3.90872522577066705,5.00008178710937478,-0.00294315369696164769
4/23/2014 2:55:35.575 PM,199,3316.94869379360261,3320.92404860065426,3321.28999185022894,3319.35974820913952,3318.34237250504611,3319.9127471618317,3320.00495893177549,3320.00503976595837,3320.73991134106609,3317.22789221294215,3318.80550243388279,3318.06441540292917,3319.35974827673635,3318.62030474988478,3318.89785878440443,3318.80531240482787,3317.50717963728857,3321.10695802026111,3320.28100702449,3319.17510909758903,3320.28089180969846,3319.08273981949742,3320.46444445458018,3320.37279122825157,3321.28999185022894,3320.18895327792415,3320.74029907252042,3319.91292048290233,3320.00481752051337,3319.45200325008818,3318.62035089997562,3319.72861647936315,3320.29159906124959,3320.47540720982033,3320.38347375131206,3320.93430201795581,3321.30104146591702,3320.29169997968301,3320.47545902969614,3321.30073198953641,3318.81631439688271,3320.56720361690213,3321.84928296087991,3320.84228623819399,3320.5673474667451,3319.73936811698831,18.0107575368930455,18.1048051324824684,17.682985218830531,18.0648078699734213,21.1871836454204825,17.8513537332796979,17.6799519574888144,17.8547093809878952,16.2185049169645303,16.2349583224291827,16.1357646695924224,16.4737301651331833,16.4508804768739267,16.4649706596770358,16.4510398317106023,16.7136832658166376,17.4751221140342281,17.4114229533655091,17.2115243216466425,17.2505350359279106,17.3295978798667072,17.2379459923331097,17.2265656256201787,17.3402720463452411,3321.32586930602246,3321.78270521887088,3320.68445532355644,3322.33018097375725,3320.40889135672023,3320.50075355799754,5.00043335976624448,4.99987082841716201,0.62386601995218971,-5.00016405096516614,4.99982397048368288,4.99982397873487372,-0.002454647374547841,-0.00232585365329624838,-0.00244542712939669043,-0.00237785273964575671,-0.00285537719726562493,-0.00216583282230155662,-0.00274424299707853609,-0.00263202230730163718,-0.00266290971598234175,-0.0026184078693468121,-0.00247480480653529443,-0.00268045580353306126,-0.00263440083128896677,-0.00273297722940137825,-0.002348229035672163,-0.00256652567368018071,-0.00301629484690329802,-0.0028888406496378311,-0.00232931993624402312,-0.00225432893667562671,-0.00292081430619467626,-0.00260644515229397928,-0.00241892794636997238,-0.0023812657241303872,-4.70858858473092745,5.00029275891706071,-5.00091408392384196,-5.00065637306995114,4.99991771110885352,-0.0000358528831048551,0.00000223499353636817944,-0.0000238195282948826193,0.000000742963721645941316,0.0000201307463742068532,-0.00000630163342731731736,0.000128328156743241144,-0.0000261611406587051008,0.0000325876882871339643,-0.000019766779460464245,-5.00063279766880519,-5.00154709255989171,5.00055064035444196,4.99935526994195722,4.99961300082820248,5.00076156385513926,5.00005834824183814,4.99954267101613503,-3.91080276510476077,5.00008178710937478,-0.00298603189918513704
4/23/2014 2:55:36.575 PM,200,3316.95005824384907,3320.92538859723663,3321.29132955367868,3319.36109792708885,3318.34372847610984,3319.9140934580655,3320.00630465586527,3320.00638548954657,3320.7412524887768,3317.22925497248115,3318.80685556510297,3318.06577307304633,3319.36109799468567,3318.62165901804792,3318.89921134797396,3318.80666553721585,3317.50854070161767,3321.10829687157547,3320.28235103308406,3319.1764599544108,3320.2822358190092,3319.08409124539002,3320.46578732095213,3320.37413466555244,3321.29132955367868,3320.19029785903649,3320.74164021780916,3319.91426677806112,3320.00616324548127,3319.45335239832729,3318.62170516785545,3319.72996391671495,3320.29491630714846,3320.47872163041211,3320.38678958556784,3320.93760936532771,3321.30434314031026,3320.2950172240321,3320.47877344949074,3321.30403366872451,3318.81965415887089,3320.57051662482035,3321.85257612095711,3320.84559500610703,3320.5706604724487,3319.74269382442207,17.8557006958195608,18.1222978312199032,17.6919600928684701,18.0767456111470253,17.4556225797795079,17.8650423293505653,17.6897614626964099,17.8705218998566799,16.2149250724471194,16.2375446929025884,16.1525939750970835,16.4822541515590473,16.4524762413531604,16.4677848584514557,16.4452461617286332,16.7092637657684619,17.4878357945407714,17.4368461107545514,17.2240900212275498,17.2611954063629049,17.3426948738886182,17.2428987755277205,17.2414118564896768,17.3434735329420313,3321.3285551367403,3321.7853852785829,3320.68714921849186,3322.33285408712936,3320.41158870250592,3320.50344975431562,5.00043335976624448,4.99987082841716201,0.623986711316266485,-5.00016405096516614,4.99982397048368288,4.99982397873487372,-0.00246731246630780415,-0.00233653530634248506,-0.00247472537775208232,-0.00241554459883898095,-0.00287078857421874979,-0.00221358947417759668,-0.00277323061991282486,-0.0026799405203734813,-0.00267603381255615905,-0.00263000427724350205,-0.00251326236306668137,-0.00269968322968021195,-0.00265042331085832156,-0.0027746356762817009,-0.0023833168491802512,-0.00258788948051034843,-0.00306146403848708143,-0.00290761203986591565,-0.00235587271853611273,-0.00227890019417703333,-0.00293180089181777678,-0.0026194142111101563,-0.00241831753758164859,-0.00239255828671437959,-4.71025340712382157,5.00029275891706071,-5.00091408392384196,-5.00065637306995114,4.99991771110885352,-0.0000465719594092912822,0.000000755168464506653435,-0.0000360444947872706263,-0.00000636324780900456087,0.0000208404353100678219,-0.00000398600051938517332,0.000129503267112048758,-0.0000258359963618032323,0.0000328882958256507944,-0.0000200718694351588621,-5.00063279766880519,-5.00154709255989171,5.00055064035444196,4.99935526994195722,4.99961300082820248,5.00076156385513926,5.00005834824183814,4.99954267101613503,-3.9124189002859242,5.00008178710937478,-0.00297260385009023636
4/23/2014 2:55:37.575 PM,201,3316.95046228005048,3320.92578539230226,3321.29172566970964,3319.36149760081298,3318.3441300014847,3319.91449211856206,3320.00670314694116,3320.00678398047375,3320.74164962471059,3317.22965850803621,3318.80725624955312,3318.06617510153955,3319.36149766840935,3318.62206003916526,3318.89961186433311,3318.8070662220116,3317.50894373519304,3321.1086933275078,3320.28274901617305,3319.17685996537375,3320.28263380231055,3319.0844914248646,3320.46618496581004,3320.37453247947178,3321.29172566970964,3320.19069601165802,3320.7420373530258,3319.9146654382398,3320.00656173681682,3319.45375190335062,3318.62210618888912,3319.73036291511607,3320.29739117070312,3320.48119438605817,3320.38926339592171,3320.9400768437772,3321.30680638625699,3320.29749208643033,3320.48124620454154,3321.30649691824828,3318.82214582125652,3320.57298832649712,3321.85503301453263,3320.84806354439524,3320.57313217247292,3319.74517500096863,17.8811456303016065,18.1323826754559043,17.7206117564633132,18.0849271391666662,19.4877666706046888,17.8807556683664366,17.700530307717969,17.8735317719711375,16.2319464554773773,16.2772654113238602,16.1757913084855644,16.4885410860304873,16.4596790063306351,16.4711032761191127,16.4616673166735836,16.7240022242898867,17.5071978348672061,17.4575781897337947,17.2514518763804361,17.2861919697744035,17.3592449469413559,17.2481075030463096,17.2629068873872669,17.3618456092357505,3321.33127347088157,3321.78809777168408,3320.68987571471507,3322.33555954959229,3320.41431869145753,3320.50617857985025,5.00043335976624448,4.99987082841716201,0.624187202406527808,-5.00016405096516614,4.99982397048368288,4.99982397873487372,-0.0024932530156956804,-0.00236034013313124068,-0.0024924264028001312,-0.00243553501808720964,-0.00289749145507812479,-0.00224395232952370521,-0.00279001292786951877,-0.00271488724264562281,-0.00270121376528499428,-0.00264526270868651508,-0.00252913373560344473,-0.00272043664202951778,-0.00267590668312577126,-0.0027873010648936671,-0.00239719941887258162,-0.0026089480901000852,-0.00308389603565875766,-0.00292211026809085887,-0.00237235375582085838,-0.00231705432073201238,-0.00295850439854059098,-0.00265725334742088464,-0.00246776064943588468,-0.00242445214590430351,-4.71044573097227204,5.00029275891706071,-5.00091408392384196,-5.00065637306995114,4.99991771110885352,-0.0000456850634632819663,-0.000000283760271511593048,-0.0000323429660391071983,-0.00000609474346606886144,0.0000174568216094145534,-0.00000547941594551532398,0.000100992342553523997,-0.0000281135329391627849,0.0000320444584205756359,-0.0000205096735488456376,-5.00063279766880519,-5.00154709255989171,5.00055064035444196,4.99935526994195722,4.99961300082820248,5.00076156385513926,5.00005834824183814,4.99954267101613503,-3.91342166089870824,5.00008178710937478,-0.00297367199035914907
4/23/2014 2:55:38.575 PM,202,3316.95087294081804,3320.92618869331954,3321.29212828056916,3319.36190382764243,3318.34453811029652,3319.91489731556794,3320.00710817175058,3320.0071890051322,3320.74205327217987,3317.23006865995603,3318.80766350366502,3318.06658372171068,3319.36190389523881,3318.62246763545999,3318.90001894760098,3318.80747347647502,3317.50935337691044,3321.10909628383706,3320.28315352467416,3319.17726653496674,3320.28303831102721,3319.0848981657291,3320.46658913053988,3320.37493681603246,3321.29212828056916,3320.19110069246835,3320.74244099976567,3319.9150706349219,3320.00696676188999,3319.45415795871576,3318.62251378509836,3319.73076845556033,3320.30004233708814,3320.4838432943352,3320.39191343406082,3320.9427200988307,3321.30944510721929,3320.30014325157662,3320.48389511218192,3321.30913564304319,3318.8248149834776,3320.57563610570423,3321.85766493048458,3320.85070793480599,3320.57577994991015,3319.74783293017981,17.8792856483479632,18.1348572859938564,17.7244566196825879,18.0987339284150188,19.2139500286701441,17.8812530568643773,17.6949432268096771,17.8712169442752753,16.2431790939476208,16.2743365789953067,16.1838291291218716,16.4629258139526229,16.466878535088469,16.4813495067507603,16.4653638116819145,16.7366818390761978,17.516284370391844,17.4866027712484815,17.2759950157862576,17.2977147925998551,17.3729765423901696,17.2650373262199537,17.2866069713137804,17.3739756252651283,3321.3331854066082,3321.7900055990849,3320.69179339128504,3322.33746243195628,3320.41623882465728,3320.50809789475397,5.00043335976624448,4.99987082841716201,0.625007934198396953,-5.00016405096516614,4.99982397048368288,4.99982397873487372,-0.00249386338156363033,-0.00234691176930168629,-0.00249349456810475483,-0.00244179156151604418,-0.00289443969726562497,-0.00224196882641064304,-0.00279260655728100736,-0.00270130532874946318,-0.00269877207289916793,-0.00263763349296500856,-0.0025213506586863779,-0.00272196262823167293,-0.00267041326155913542,-0.00279615157741769154,-0.00241153965569762627,-0.00259506161566047623,-0.00306558420123289937,-0.00294133949710499373,-0.00239554928977716696,-0.00231033919445833595,-0.00296537101455502869,-0.00266015231350920627,-0.00245677329124605439,-0.00242246831734225111,-4.71093661469974467,5.00029275891706071,-5.00091408392384196,-5.00065637306995114,4.99991771110885352,-0.000040908647946822148,-0.000000079330828594640007,-0.0000220260040560817836,-0.00000569503813738049087,0.0000149477278232738372,-0.00000730232854431566097,0.0000555277802195655623,-0.000031999999511520306,0.0000403668620503765705,-0.0000218780020853509955,-5.00063279766880519,-5.00154709255989171,5.00055064035444196,4.99935526994195722,4.99961300082820248,5.00076156385513926,5.00005834824183814,4.99954267101613503,-3.914232169781104,5.00008178710937478,-0.00298893113705789955
4/23/2014 2:55:39.575 PM,203,3316.95098554062997,3320.92629927506914,3321.29223867307564,3319.3620152116573,3318.34465001035596,3319.91500841720198,3320.00721922616821,3320.00730005950845,3320.74216394892755,3317.23018112024101,3318.80777516936314,3318.06669576198555,3319.36201527925368,3318.62257939498522,3318.9001305664533,3318.80758514226954,3317.50946569729603,3321.10920677107242,3320.28326443751893,3319.17737801296789,3320.2831492239311,3319.08500969069336,3320.4666999491219,3320.37504768173039,3321.29223867307564,3320.19121165256046,3320.74255167631326,3319.91518173646727,3320.00707781638038,3319.45426929571476,3318.62262554460039,3319.73087965136665,3320.30164217200399,3320.48544176656696,3320.39351258812166,3320.94431515955193,3321.31103743178619,3320.30174308574487,3320.48549358402897,3321.31072796992248,3318.82642567820994,3320.5772338965844,3321.859253148481,3320.85230368067414,3320.57737773972166,3319.74943684620893,17.8612488522881527,18.1384189559606028,17.7288559445308031,18.0933207869037993,19.2601185618193931,17.8809353533214832,17.6879321504105213,17.8595713981134452,16.2357060186023752,16.2740946190672062,16.1972965029072071,16.493441371254459,16.4689976047793642,16.4841539715522991,16.4811187456696082,16.7367444928466433,17.5194376709829171,17.50482355220554,17.2843257148190759,17.3224829974773442,17.3998025234527418,17.2862327265485653,17.3114505165662429,17.3826081786998969,3321.33492174822731,3321.79173820956475,3320.69353494667893,3322.3391905514054,3320.41798261113626,3320.50984093806528,5.00043335976624448,4.99987082841716201,0.625236957886739719,-5.00016405096516614,4.99982397048368288,4.99982397873487372,-0.002501492954913006,-0.00236461279434973517,-0.00249746203923621431,-0.00243004146775945224,-0.00289978027343749988,-0.00223281419665804755,-0.00279596301887234623,-0.00269306461694729859,-0.00269877207289916793,-0.00264556787731537544,-0.00252608154857714411,-0.00271356970411982135,-0.00266995547642858268,-0.00278348618880572534,-0.00239796219742710549,-0.00260009737012758743,-0.00308374343703854198,-0.00292974091452503915,-0.00238196769423696005,-0.00237230149598362207,-0.00295133259959217808,-0.00265832138755868735,-0.00245189002093946324,-0.00243437128871456729,-4.71184099470138662,5.00029275891706071,-5.00091408392384196,-5.00065637306995114,4.99991771110885352,-0.0000446210936278800786,-0.00000001830711429107192,-0.0000255535227929913461,-0.00000503903320861713437,0.000015294178120995214,-0.00000987728793073822937,0.0000343406928817002638,-0.0000332746262153374857,0.0000430677521172536561,-0.0000220625815200412372,-5.00063279766880519,-5.00154709255989171,5.00055064035444196,4.99935526994195722,4.99961300082820248,5.00076156385513926,5.00005834824183814,4.99954267101613503,-3.9148472227376061,5.00008178710937478,-0.00299060964319476218
4/23/2014 2:55:40.575 PM,204,3316.95150879655875,3320.92681315275695,3321.292751671323,3319.36253281759309,3318.34517001442782,3319.91552471087334,3320.00773530041624,3320.00781613356412,3320.742678268085,3317.23070372776555,3318.80829408432464,3318.06721641766262,3319.36253288518946,3318.62309874597667,3318.90064926371451,3318.80810405767897,3317.50998765468966,3321.1097202095375,3320.28377985385577,3319.1778960556735,3320.28366464054306,3319.08552795164359,3320.46721492740425,3320.37556287897041,3321.292751671323,3320.19172728846433,3320.74306599454257,3319.91569802972617,3320.00759389096492,3319.45478668316036,3318.62314489548316,3319.73139638266866,3320.30377092747221,3320.4875687088097,3320.39564043762538,3320.94643756234472,3321.31315619377483,3320.30387184021856,3320.48762052576012,3321.31284673498839,3318.8285688840524,3320.57935993220144,3321.86136644615362,3320.85442699514123,3320.57950377391762,3319.75157103211995,17.8467021016565965,18.1256168224089009,17.7291384728120249,18.0755021130219973,19.6494220374792086,17.8697321200137544,17.6733828903454508,17.8465491970971399,16.2181754357866588,16.3004226701699046,16.2035202652691801,16.4821531593907409,16.4811617901515888,16.4864170571157693,16.4950366620743871,16.748600462386829,17.5161889633060994,17.5175552987511089,17.299878397342308,17.3319438405832002,17.4225846182318627,17.2971416088865517,17.3276844997847874,17.4078190467339127,3321.33673613002747,3321.79354869256485,3320.69535477653698,3322.34099634156837,3320.41980477233391,3320.51166232270088,5.00043335976624448,4.99987082841716201,0.62484665635790515,-5.00016405096516614,4.99982397048368288,4.99982397873487372,-0.00248791231435111773,-0.00236156089347938202,-0.0024881537415816367,-0.00242637910087428049,-0.00288528442382812462,-0.00223006780773226873,-0.00278330000468684103,-0.00269932145368597916,-0.00269877207289916793,-0.00265396001460903265,-0.00253050721976527974,-0.0027231834171933967,-0.00267453332773411262,-0.0027647169984530524,-0.00239384319323267779,-0.00259841878530521703,-0.00308114926049487875,-0.00293233533431266078,-0.00237906825249242131,-0.00230331883517221996,-0.00293912528223317727,-0.00264718325469302926,-0.0024395292429759039,-0.00241956887559771237,-4.71288030667289259,5.00029275891706071,-5.00091408392384196,-5.00065637306995114,4.99991771110885352,-0.0000378144343795917113,0.000000166289621477221502,-0.0000268860731423301812,-0.00000437845150128100978,0.0000190288207576657345,-0.0000085959100370208379,0.0000659816841498671742,-0.000031777130650733109,0.0000450224640809087696,-0.0000216461337045830861,-5.00063279766880519,-5.00154709255989171,5.00055064035444196,4.99935526994195722,4.99961300082820248,5.00076156385513926,5.00005834824183814,4.99954267101613503,-3.91347582706084118,5.00008178710937478,-0.00301929683898841377
4/23/2014 2:55:41.575 PM,205,3316.9508133246104,3320.92613014507878,3321.29206983247695,3319.36184485483954,3318.34447886440102,3319.91483849220185,3320.0070493733715,3320.0071302067754,3320.74199467366588,3317.23000911758708,3318.80760438179413,3318.06652440161178,3319.36184492243592,3318.62240846393524,3318.8999598505211,3318.80741435455274,3317.50929390857618,3321.10903778561396,3320.28309480121652,3319.17720751242541,3320.28297958753819,3319.08483911833491,3320.46653045696666,3320.37487811752498,3321.29206983247695,3320.19104194400688,3320.74238240135764,3319.91501181160265,3320.00690796347316,3319.45409901079392,3318.62245461358588,3319.73070958235848,3320.30228863460888,3320.48608767853011,3320.39415877560259,3320.94495969297122,3321.31168085956278,3320.30238954804781,3320.48613949583659,3321.31137139863358,3318.82707652911676,3320.57787953322258,3321.85989491684995,3320.85294849095134,3320.57802337592875,3319.75008495793508,18.0551006538527225,18.119491970177382,17.714567471486248,18.0671726931888337,19.1698217294760802,17.8636836935312608,17.6587389982997855,17.8299343157708066,16.2173745961762385,16.2757856710100626,16.2002823273145111,16.4881280426816907,16.4846262455597632,16.4959743181673311,16.5017012904261406,16.7556418971553249,17.5259779353475338,17.5324426463472243,17.3068540774862711,17.3354168832165278,17.4319948666993447,17.3115768607248306,17.3211119041663046,17.4102264043106665,3321.33670361338363,3321.79351624578066,3320.69532216227344,3322.34096397887196,3320.41977211629682,3320.5116296805786,5.00043335976624448,4.99987082841716201,0.624713911115494569,-5.00016405096516614,4.99982397048368288,4.99982397873487372,-0.00249722039383735561,-0.00236491798443677062,-0.0024989879896713911,-0.0024297362705190213,-0.00289367675781249979,-0.00223937501464740747,-0.00279199629153712792,-0.00270679913661757247,-0.00269922989022151026,-0.00264816181066068789,-0.00253310157873763535,-0.00272623538959770656,-0.00267911117903964257,-0.00278897961037236119,-0.0024104717657212932,-0.00261093187216288655,-0.00308786359978436035,-0.00295202240211284682,-0.00237601620855080195,-0.0023028609856535604,-0.00294950150198832785,-0.00266122035364700941,-0.00245723109783729755,-0.0024334556755320814,-4.71481957214476566,5.00029275891706071,-5.00091408392384196,-5.00065637306995114,4.99991771110885352,-0.0000296049225075812058,0.00000266368512935074508,-0.0000102543794351183285,0.00000538381719443229378,0.0000188472014385959377,-0.00000690723702708613169,0.0000948039366502578498,-0.0000287302385539437915,0.0000379299572838213606,-0.0000207705254772095352,-5.00063279766880519,-5.00154709255989171,5.00055064035444196,4.99935526994195722,4.99961300082820248,5.00076156385513926,5.00005834824183814,4.99954267101613503,-3.9116979562969707,5.00008178710937478,-0.00299030446026078744
4/23/2014 2:55:42.575 PM,206,3316.95183335122055,3320.92713189085952,3321.29306986397978,3319.3628538680241,3318.34549255222737,3319.91584494741346,3320.00805540086594,3320.00813623389467,3320.7429972799955,3317.23102788027472,3318.80861594663792,3318.06753935960023,3319.36285393562047,3318.6234208787232,3318.90097099100603,3318.80842592026965,3317.51031140397572,3321.11003867522595,3320.28409954625749,3319.17821737699705,3320.28398433311485,3319.08584940832679,3320.46753434811626,3320.37588243548361,3321.29306986397978,3320.1920471170456,3320.74338500587691,3319.91601826601117,3320.0079139916238,3319.4551075980803,3318.62346702816285,3319.7317168906361,3320.30119160571803,3320.48499158405456,3320.39306221358538,3320.9438659378261,3321.31058898064566,3320.30129251966946,3320.48504340162526,3321.31027951813075,3318.82597205346519,3320.57678390596174,3321.85880585387758,3320.85185426598991,3320.57692774940005,3319.74898513055586,18.0811664381135131,18.1155958673970652,17.71242019424243,18.0665475001501612,18.2293517898943733,17.8641992339106572,17.6473880546624961,17.8250510079900373,16.2105055866477095,16.2798048290808417,16.1807679228160808,16.4932877552155048,16.4891790994540486,16.5079147113607867,16.5096829962123372,16.7509043608331396,17.5301387392760972,17.534091837850049,17.3173346388179325,17.3425460880317352,17.4416369273238807,17.318022708332137,17.3262620673906191,17.4177345839697288,3321.33515586381008,3321.79197182210009,3320.69376976520379,3322.33942355844237,3320.41821773046467,3320.51007595719693,5.00043335976624448,4.99987082841716201,0.624285311821320854,-5.00016405096516614,4.99982397048368288,4.99982397873487372,-0.00249920408290819299,-0.00235652525704329891,-0.00250249767567229742,-0.00244041817393410515,-0.00289947509765624972,-0.00223418739112093675,-0.00278055380883938204,-0.00271183512716333987,-0.00270380806344493489,-0.00264678855183081646,-0.00253294896938632049,-0.00272379381167425858,-0.0026768222533868776,-0.00279477822202603248,-0.00240726809579229397,-0.00259475641842004529,-0.00307657130188841417,-0.00295751646754545666,-0.00239951694690127221,-0.00230164005360380085,-0.00296704952069189133,-0.00265649046160816842,-0.00246333518572053626,-0.00242918281401381404,-4.71567083413112087,5.00029275891706071,-5.00091408392384196,-5.00065637306995114,4.99991771110885352,-0.0000207390160455810177,0.00000946325249562581827,0.00000526151323501828087,0.0000318513276807473608,0.0000172584139499265417,-0.00000585010026476928402,0.000103789715678230971,-0.0000278433426079344755,0.000047129768703709487,-0.0000203540776617513841,-5.00063279766880519,-5.00154709255989171,5.00055064035444196,4.99935526994195722,4.99961300082820248,5.00076156385513926,5.00005834824183814,4.99954267101613503,-3.91071670956830175,5.00008178710937478,-0.00303226711368235168
4/23/2014 2:55:43.575 PM,207,3316.95187971681798,3320.92717742557988,3321.29311532078509,3319.36289973305338,3318.34553862972279,3319.91589069618112,3320.0081011301936,3320.00818196320506,3320.74304285382868,3317.23107418842619,3318.80866192764233,3318.06758549482492,3319.36289980064975,3318.62346689835794,3318.90101695272278,3318.80847190131362,3317.51035765452798,3321.11008417103312,3320.2841452172961,3319.1782632807226,3320.28403000417847,3319.08589533138774,3320.46757998034536,3320.37592808711133,3321.29311532078509,3320.19209280753739,3320.74343057962733,3319.916064014742,3320.00795972098103,3319.45515344375189,3318.62351304778758,3319.73176267817598,3320.30025129403429,3320.48405207329278,3320.39212230207613,3320.94292843219,3321.30965308319309,3320.30035220842501,3320.48410389108903,3321.30934361931895,3318.82502535888943,3320.57584479566639,3321.8578723700748,3320.85091635765684,3320.57598863973271,3319.74804242018399,18.0860723634175571,18.1181464060533379,17.7206010039089072,18.0779197110041139,18.6547265429580484,17.8655322103493788,17.6424075108600853,17.8183234101006889,16.2157219311734941,16.2793115838052209,16.1801224741850191,16.4783297720116302,16.4943981762717584,16.5140474742967562,16.5161219146491049,16.7744707364032308,17.53384087053999,17.5432727910428419,17.3177647777807166,17.3540870940084879,17.4467858463941141,17.3222586897229398,17.3252457457733513,17.4207514979218239,3321.33449904571261,3321.79131641541107,3320.69311097484887,3322.33876985061169,3320.41755809613914,3320.50941660399576,5.00043335976624448,4.99987082841716201,0.624360839286830282,-5.00016405096516614,4.99982397048368288,4.99982397873487372,-0.00249264264982773046,-0.0023562200669562639,-0.00249868279958435566,-0.00244133376565539798,-0.0029039001464843746,-0.00222121833230475973,-0.00280084514482338435,-0.00270222096339414785,-0.00270121376528499428,-0.00264007484199589061,-0.00252867590754949929,-0.0027231834171933967,-0.00267300737729893583,-0.00278928480045939663,-0.00240040308880158084,-0.00260391233563297443,-0.00307641870326819892,-0.00291951584830323725,-0.00238303590961652656,-0.00231827525278177193,-0.00296476064868707876,-0.00265847396472123059,-0.00246272477693221248,-0.00244062797879488706,-4.71614004326614999,5.00029275891706071,-5.00091408392384196,-5.00065637306995114,4.99991771110885352,-0.0000235874632663269448,0.0000115060213319377604,0.00000791592910844352003,0.0000436243277627632273,0.0000147111648446535137,-0.00000655485810631384942,0.0000837136417799656271,-0.0000297300954293931931,0.0000431471003000093721,-0.0000209200195648098989,-5.00063279766880519,-5.00154709255989171,5.00055064035444196,4.99935526994195722,4.99961300082820248,5.00076156385513926,5.00005834824183814,4.99954267101613503,-3.9103814896860305,5.00008178710937478,-0.00299625552747330003
4/23/2014 2:55:44.575 PM,208,3316.95236323552262,3320.92765227865857,3321.29358936124845,3319.36337803108563,3318.34601914366612,3319.91636778166275,3320.00857801292477,3320.00865884575841,3320.74351811483211,3317.23155710799619,3318.8091414352325,3318.06806661086056,3319.36337809868155,3318.62394680884563,3318.90149625915501,3318.80895140931761,3317.51083997336763,3321.11055861826434,3320.28462149210872,3319.1787419823363,3320.28450627924485,3319.08637423466234,3320.46805585038964,3320.37640415947498,3321.29358936124845,3320.19256928523282,3320.74390583977265,3319.91654109984256,3320.0084366040237,3319.45563153989633,3318.62399295817522,3319.73224016803442,3320.30009457442929,3320.48389548717023,3320.39196564916483,3320.94277218024353,3321.3094970992679,3320.30019548889367,3320.48394730500422,3321.30918763516729,3318.82486757550714,3320.57568827628574,3321.85771678841001,3320.85076003859649,3320.57583212045665,3319.74788530081241,18.1020593713838806,18.1360426132161088,17.738880862909415,18.0983979033645319,16.7972933031396288,17.8788631900009278,17.6409815085320112,17.8233607821064446,16.2054637155780057,16.2833670557375178,16.1760289875029564,16.4508653931770645,16.4844402722139698,16.5053847267698828,16.5086761103172606,16.7699979860809627,17.5305334702529834,17.5381389851674747,17.3212311340974807,17.3550410584555976,17.4534486100048554,17.3223756037866217,17.331755331530502,17.4337281965494704,3321.33365363352504,3321.7904728198514,3320.69226302416473,3322.33792844165827,3320.41670905917772,3320.50856792886952,5.00043335976624448,4.99987082841716201,0.624386625431620379,-5.00016405096516614,4.99982397048368288,4.99982397873487372,-0.00249630484503543049,-0.00236262905878400565,-0.00250310805584636788,-0.00243278824292333072,-0.00289581298828125002,-0.00223357708247076377,-0.00279123345935727808,-0.00271168252138922561,-0.00271052271750595779,-0.0026564013636399147,-0.00252776025144160928,-0.00273340752474783393,-0.00268811428660718473,-0.00278821663515477301,-0.0024065053172377701,-0.00261352604870654978,-0.00308954218460673032,-0.00293599804460106762,-0.00239753311833921937,-0.00232895840821716613,-0.00296338732548419087,-0.00266518735987313418,-0.00246226697034096975,-0.00244322221614526368,-4.71688674823965659,5.00029275891706071,-5.00091408392384196,-5.00065637306995114,4.99991771110885352,-0.000019462862842717354,0.0000131262009466974915,0.00000713441046140860233,0.0000620336567752921315,0.0000118785139522708046,-0.00000808030797978693575,0.0000550668927762150342,-0.000031355816913902525,0.0000400601508054939125,-0.0000213608745782436192,-5.00063279766880519,-5.00154709255989171,5.00055064035444196,4.99935526994195722,4.99961300082820248,5.00076156385513926,5.00005834824183814,4.99954267101613503,-3.90954076981743048,5.00008178710937478,-0.00299244074079861242
4/23/2014 2:55:45.575 PM,209,3316.95287324804758,3320.92815315069719,3321.29408937614152,3319.36388253685481,3318.34652598677394,3319.91687100843546,3320.00908102583707,3320.00916185848336,3320.74401941714859,3317.23206648855512,3318.80964721684085,3318.06857408905489,3319.36388260445073,3318.62445301542993,3318.90200182858234,3318.80945719136252,3317.51134872027705,3321.11105906221519,3320.28512386378906,3319.17924691380176,3320.28500865119303,3319.08687937883996,3320.46855779512134,3320.37690631761279,3321.29408937614152,3320.19307187091362,3320.74440714118372,3319.91704432621327,3320.00893961726387,3319.4561358327146,3318.62449916465357,3319.73274382134332,3320.29923915108293,3320.48304079243598,3320.39111058986372,3320.94191930960596,3321.30864569162213,3320.29934006594703,3320.48309261047552,3321.30833622628506,3318.82400634553641,3320.57483394586279,3321.85686757650228,3320.849906801619,3320.57497779060486,3319.74702769533996,18.1156291496101147,18.1507604130498592,17.7694257433102294,18.1176755878077813,20.3097208615691507,17.9057500875306239,17.6540244191602369,17.8354854686409361,16.1866186742433165,16.2781481324068053,16.1739318758766508,16.4643764103146779,16.4760983593363015,16.4965097508769318,16.5083312972828331,16.7567098027756067,17.5347999004168038,17.5443081476885538,17.3203230909756165,17.3614390381182204,17.4598473621140719,17.3261872295931667,17.3297058201076801,17.4268088524509075,3321.33330246388277,3321.79012240482916,3320.6919108000402,3322.33757893494339,3320.41635638381785,3320.50821540381503,5.00043335976624448,4.99987082841716201,0.624499840339515333,-5.00016405096516614,4.99982397048368288,4.99982397873487372,-0.00249691521090338042,-0.00236064532321827612,-0.00250188729549822653,-0.00243706100428936435,-0.00290237426757812469,-0.00223449254544602323,-0.0027871141655860898,-0.00270817258858459991,-0.00270335024612259256,-0.0026515186655781506,-0.00253432245354815551,-0.00272455680477533616,-0.00268445200556276069,-0.00278012909784833675,-0.0024065053172377701,-0.0026089480901000852,-0.00307031475845957963,-0.00293813462560263807,-0.00238196769423696005,-0.00232636392761142747,-0.00295041705079025296,-0.00265450695849510582,-0.00245311083851611081,-0.00243101404037878582,-4.7186066729415117,5.00029275891706071,-5.00091408392384196,-5.00065637306995114,4.99991771110885352,-0.0000240713634640635276,0.00000951664824564143949,0.00000408923526446590346,0.0000659544304192963814,0.0000132444743772075092,-0.0000092335480841325879,0.0000567761442217534023,-0.0000318473496068715442,0.0000346141188005875156,-0.0000214707069691336824,-5.00063279766880519,-5.00154709255989171,5.00055064035444196,4.99935526994195722,4.99961300082820248,5.00076156385513926,5.00005834824183814,4.99954267101613503,-3.90892693750683584,5.00008178710937478,-0.00302250125979515146
4/23/2014 2:55:46.575 PM,210,3316.95293947857271,3320.92821819369646,3321.29415430778135,3319.36394805194595,3318.3465918055308,3319.9169363573601,3320.0091463469771,3320.00922717959883,3320.74408451604904,3317.23213263697562,3318.80971289768831,3318.06863999032111,3319.36394811954142,3318.62451875148963,3318.90206748186301,3318.80952287226637,3317.51141478637418,3321.11112404959749,3320.28518910162074,3319.17931248419927,3320.28507388905973,3319.08694497687292,3320.46862297748384,3320.37697152770124,3321.29415430778135,3320.1931371365481,3320.74447223996685,3319.91710967508561,3320.00900493844665,3319.45620132013891,3318.62456490069962,3319.73280922568346,3320.29890612312647,3320.48270804813501,3320.39077770363337,3320.94158727544299,3321.30831422701567,3320.29900703814564,3320.48275986625458,3321.30800476119657,3318.82367105700677,3320.5745013433916,3321.8565369667167,3320.84957462483635,3320.57464518835604,3319.74669381786088,18.1191489709208717,18.1708651799648955,17.7813927831892862,18.1357223691162375,20.6345633418670324,17.9159645456223622,17.6775503462246242,17.8589250735903526,16.184965599813097,16.2834248187671591,16.17608675406629,16.4615052584239088,16.4715507083674311,16.4889919664166236,16.5035543120738737,16.7581023402249798,17.5336761404694101,17.5422710844343435,17.3217109184348068,17.3657184520292596,17.4650405260255432,17.3340448411542098,17.3272119103174802,17.4353487131528162,3321.33269766676039,3321.78951890726421,3320.69130418695749,3322.33697700160701,3320.41574899364741,3320.50760827249041,5.00043335976624448,4.99987082841716201,0.623957110653016289,-5.00016405096516614,4.99982397048368288,4.99982397873487372,-0.00249401597303061792,-0.00235637266199978119,-0.00249090045236495484,-0.0024352298208467787,-0.00289672851562499962,-0.0022354080084212827,-0.00279214885797309789,-0.00270725695393991524,-0.00269373608235340097,-0.00264007484199589061,-0.00251768803425481743,-0.00271341710549960567,-0.00267163402190727676,-0.00279569379228713838,-0.00240772576292500821,-0.0026068117094170686,-0.00307962327429272403,-0.00292867262402425393,-0.00236945431407631964,-0.00232483776254922836,-0.00295423183746494058,-0.00265923685053394681,-0.00245433165609275882,-0.00241468560529112123,-4.71933902994537213,5.00029275891706071,-5.00091408392384196,-5.00065637306995114,4.99991771110885352,-0.0000362177163769656445,0.00000496427915859526178,-0.000000967739887148713805,0.0000570144562738236552,0.00000913590961304034937,-0.0000105881475717766888,0.0000312533574581965948,-0.0000330777078383405758,0.0000306055096448326454,-0.0000222563136539723203,-5.00063279766880519,-5.00154709255989171,5.00055064035444196,4.99935526994195722,4.99961300082820248,5.00076156385513926,5.00005834824183814,4.99954267101613503,-3.90845408979852538,5.00008178710937478,-0.00300098586294991277
4/23/2014 2:55:47.575 PM,211,3316.95301896148294,3320.92829625215608,3321.29423223266349,3319.36402667668471,3318.34667079451992,3319.91701478278037,3320.00922473906985,3320.00930557166248,3320.74416264156298,3317.23221202140075,3318.80979172125398,3318.06871907828235,3319.36402674428063,3318.62459764128334,3318.90214627236264,3318.80960169590025,3317.51149407205139,3321.11120204134431,3320.28526739378412,3319.17939117527885,3320.28515218126494,3319.08702370110131,3320.46870120311177,3320.37704978658621,3321.29423223266349,3320.19321546206128,3320.74455036533982,3319.91718810044358,3320.00908333059032,3319.45627991169158,3318.62464379047651,3319.73288771757552,3320.29822047573088,3320.4820229847287,3320.3900923480237,3320.9409036740667,3321.30763179823998,3320.29832139107065,3320.48207480301289,3321.30732233143044,3318.82298075555036,3320.57381657198402,3321.85585629784464,3320.84889072983514,3320.57396041740639,3319.74600642147197,18.1290607097129879,18.1826074267901276,17.7893328178847554,18.1439634731840797,20.0990176135117764,17.9452762459571851,17.6880742714084427,17.8799370171107412,16.1889516769613024,16.2754558262117364,16.1742861305072338,16.460390808731745,16.4628196946772682,16.4860492533629994,16.4979452148772268,16.7586629447507356,17.5256287768163581,17.5499758666231962,17.3256884896407897,17.3634544596304465,17.457068066903858,17.3393927100194958,17.3241870298951426,17.4317915717990246,3321.33254159203033,3321.78936316792942,3320.69114764355663,3322.33682166597464,3320.41559224969205,3320.5074515953388,5.00043335976624448,4.99987082841716201,0.623685669519397523,-5.00016405096516614,4.99982397048368288,4.99982397873487372,-0.00249447374743158026,-0.00234813252964982764,-0.00249944577480194384,-0.00243400903188505449,-0.002902984619140625,-0.00224410490668624845,-0.00279062319361339821,-0.00270405223268351761,-0.00269312565925694438,-0.0026423636067123427,-0.00253081243846790989,-0.00271540088756240701,-0.00267209180703782993,-0.00280179759402784511,-0.00240253886875424743,-0.00261032147768202466,-0.00308450643013961955,-0.00294057643246157597,-0.00235694093391567968,-0.00232285374796836926,-0.00295652070946975315,-0.00265740592458342789,-0.00246165656155264553,-0.00243269266454667656,-4.71711234716664851,5.00029275891706071,-5.00091408392384196,-5.00065637306995114,4.99991771110885352,-0.0000357216041868571602,0.00000190241429341373331,-0.0000060353998640157618,0.000040687561511904016,0.00000354997089207013706,-0.0000116407079844731174,0.0000195266716479137376,-0.000034756856789476976,0.0000333537034360448706,-0.0000222654663532131583,-5.00063279766880519,-5.00154709255989171,5.00055064035444196,4.99935526994195722,4.99961300082820248,5.00076156385513926,5.00005834824183814,4.99954267101613503,-3.908734685776448,5.00008178710937478,-0.00300754729603037573
4/23/2014 2:55:48.575 PM,212,3316.95337000735435,3320.92864100636506,3321.29457639687461,3319.36437393209598,3318.34701965878957,3319.91736115782123,3320.00957096690444,3320.00965179936793,3320.74450769194481,3317.23256263227131,3318.81013985486242,3318.06906837969972,3319.36437399969145,3318.62494606741484,3318.90249425992078,3318.80994982980928,3317.51184424676284,3321.11154650088838,3320.28561318024003,3319.1797387237093,3320.28549796790548,3319.08737139594768,3320.4690466956863,3320.37739542605459,3321.29457639687461,3320.19356139581987,3320.7448954150982,3319.91753447520795,3320.00942955865093,3319.45662702052277,3318.62499221653524,3319.73323438621355,3320.29843596637056,3320.48223829183598,3320.39030774696266,3320.94111852169589,3321.30784627735147,3320.29853688160983,3320.48229011006833,3321.30753681085298,3318.82319770883987,3320.57403178732329,3321.85607022386466,3320.84910566974304,3320.57417563260196,3319.74622246177432,18.1206512518707683,18.1893320676612724,17.7960583101518566,18.1446785393194645,19.132691093686482,17.9468279897080549,17.693277175929623,17.886810286466936,16.1951491284447115,16.285234325527469,16.1678430492969838,16.4553964422568946,16.4626217691658247,16.4821192829124285,16.4964521831420789,16.7640229051810614,17.5328556190000597,17.5470054109891791,17.3186823730774861,17.3620819828968074,17.4599576530324185,17.3415974241935409,17.3263915092197251,17.4435071400965889,3321.33271717779189,3321.78953837639392,3320.6913237565418,3322.33699642030023,3320.41576858828739,3320.50762785878396,5.00043335976624448,4.99987082841716201,0.62344520227567457,-5.00016405096516614,4.99982397048368288,4.99982397873487372,-0.00249569447916748056,-0.00234782733956279219,-0.00248891671679922488,-0.00242592130501363386,-0.00290145874023437465,-0.00223250904233296106,-0.00278558850122639012,-0.00269810060749306599,-0.00271235398679532756,-0.0026423636067123427,-0.00252852329819818443,-0.00271906325444757876,-0.00266491983999249957,-0.00278760625498070212,-0.00241413310278300666,-0.00260284414529146592,-0.00309488313631427247,-0.00295751646754545666,-0.00239707531174797664,-0.0023614657240420083,-0.00294980668492230303,-0.0026537440726823896,-0.00245860451761102617,-0.00241758504703565953,-4.71539104872301795,5.00029275891706071,-5.00091408392384196,-5.00065637306995114,4.99991771110885352,-0.0000320412149857754727,0.00000159729572189589296,-0.0000115014511824377179,0.0000597284859674748471,0.00000939231335760947231,-0.00000909015579602611739,0.0000648874580012501971,-0.0000316443252336886852,0.0000332972441521609959,-0.0000212312113389984057,-5.00063279766880519,-5.00154709255989171,5.00055064035444196,4.99935526994195722,4.99961300082820248,5.00076156385513926,5.00005834824183814,4.99954267101613503,-3.90987598969970174,5.00008178710937478,-0.00302891010140862683
4/23/2014 2:55:49.575 PM,213,3316.95388002148729,3320.92914188016038,3321.29507641353848,3319.36487843956274,3318.34752650355767,3319.91786438631243,3320.01007398153888,3320.01015481381455,3320.74500899601116,3317.23307201444822,3318.81064563814789,3318.06957585954296,3319.36487850715821,3318.62545227566897,3318.90299983102841,3318.8104556135313,3317.51235299530117,3321.11204694660273,3320.28611555365296,3319.18024365686596,3320.2860003415858,3319.08787654181242,3320.4695486421574,3320.37789758592816,3321.29507641353848,3320.19406398322962,3320.74539671825914,3319.91803770329716,3320.00993257361278,3319.4571313150418,3318.62549842468388,3319.73373804123366,3320.29824006860371,3320.48204256093004,3320.39011193256692,3320.94092320853042,3321.30765129922929,3320.29834098393439,3320.48209437920968,3321.30734183244749,3318.8230004812849,3320.57383613984939,3321.855875748593,3320.84891027268122,3320.57397998525857,3319.74602606427379,18.1196489006726686,18.1762342168075293,17.796728934056464,18.1453490547159255,18.4694943383696142,17.9545723338040801,17.6918182498265324,17.8821585961682992,16.1756455130690426,16.2574239501067268,16.1602125751409709,16.4416787246925438,16.4590281439886326,16.4865226765215382,16.4875256472674145,16.7475634271562157,17.5353388775084049,17.5416507756530286,17.3257339947969839,17.3682183234263441,17.4607668990951374,17.3440053377716481,17.3281898167649011,17.4370872886267101,3321.33232698742585,3321.78914902446968,3320.69093239456378,3322.33660807757678,3320.41537672495178,3320.50723616244931,5.00043335976624448,4.99987082841716201,0.623709319533850004,-5.00016405096516614,4.99982397048368288,4.99982397873487372,-0.00249981444877614336,-0.00237468406722190139,-0.00250173470045470881,-0.00242103814916673835,-0.00291519165039062474,-0.00222488018420579801,-0.00279489505382055688,-0.00270191575184591977,-0.00273478703559010836,-0.00265762203815535572,-0.00252669198598240398,-0.00274073225851817742,-0.00268536757582386659,-0.00279630417246120927,-0.00242069299835191015,-0.00261261045698525695,-0.00307641870326819892,-0.00294149211003367746,-0.00238700356674063224,-0.00233201073834156435,-0.00296125104494636589,-0.00266579766852330716,-0.00245860451761102617,-0.00242460474810138457,-4.71477988627127598,5.00029275891706071,-5.00091408392384196,-5.00065637306995114,4.99991771110885352,-0.0000407331005564760736,0.00000163696113619321225,-0.0000157295891751852236,0.0000870198165968880789,0.0000152957043337605063,-0.00000631231157643162869,0.000101906486853414594,-0.0000288477789805233391,0.0000350627412184755717,-0.0000202640761192164711,-5.00063279766880519,-5.00154709255989171,5.00055064035444196,4.99935526994195722,4.99961300082820248,5.00076156385513926,5.00005834824183814,4.99954267101613503,-3.91116605984289833,5.00008178710937478,-0.00303028342461151429
4/23/2014 2:55:50.575 PM,214,3316.95427080911622,3320.92952566392932,3321.29545954052355,3319.36526500766285,3318.34791486263429,3319.91824997438698,3320.0104594057434,3320.01054023787583,3320.74539310947921,3317.23346231783625,3318.81103318385521,3318.06996470525155,3319.36526507525832,3318.62584014701178,3318.90338721415264,3318.81084315957241,3317.51274281315772,3321.11243040235194,3320.28650048651661,3319.18063055115453,3320.286385274655,3319.08826359909062,3320.46993324787308,3320.37828235516553,3321.29545954052355,3320.19444908007062,3320.74578083103369,3319.91842329106384,3320.01031799806924,3319.45751771996901,3318.62588629594529,3319.73412395614013,3320.29810293824402,3320.48190554736402,3320.38997486056223,3320.94078648736012,3321.30751481257038,3320.29820385363882,3320.4819573656764,3321.30720534559077,3318.82286242014652,3320.57369918468111,3321.85573961390264,3320.84877349278758,3320.5738430301817,3319.74588858412789,18.1136780939572652,18.1754332964658722,17.7935698033211871,18.1408977271922787,19.0215954151727686,17.949131842407823,17.6793034667299054,17.8818141321632282,16.1747675730967657,16.2705585861218793,16.1674841720142197,16.4334922761216831,16.4523617313935766,16.4886911669566594,16.4890090744033095,16.7501121146039367,17.5389860906416786,17.5400472571403547,17.3306763320730219,17.3651687327967572,17.4544440654570927,17.3447610285924405,17.336783772372442,17.4201131889043879,3321.33232048338868,3321.78914253439506,3320.69092587101613,3322.33660160430827,3320.41537019305496,3320.50722963333328,5.00043335976624448,4.99987082841716201,0.623792323455541142,-5.00016405096516614,4.99982397048368288,4.99982397873487372,-0.00250530774158769362,-0.00236705431504601787,-0.00250051394010656746,-0.00242119074778695403,-0.0029115295410156246,-0.00223662862572162865,-0.00279642071818025613,-0.0027064939250693444,-0.00272517287182091677,-0.00266143664601610919,-0.00253890073408760643,-0.00274378423092248684,-0.00268567276591090204,-0.00280225537915839785,-0.00240970898716676976,-0.00261459423904805829,-0.00308359083841832672,-0.00293843985146000509,-0.00239081862166765644,-0.00230713424782771773,-0.00296369250841816605,-0.0026659502456858504,-0.00245478946268400155,-0.00243498169750289107,-4.71454741863541127,5.00029275891706071,-5.00091408392384196,-5.00065637306995114,4.99991771110885352,-0.0000371962022657642175,0.00000371786979394488349,-0.0000113884973154834534,0.0000970963574212647518,0.0000148546288445910004,-0.00000953406170920678598,0.0000458293043834974223,-0.0000324213132483508967,0.0000325205475171099043,-0.0000212235840896310418,-5.00063279766880519,-5.00154709255989171,5.00055064035444196,4.99935526994195722,4.99961300082820248,5.00076156385513926,5.00005834824183814,4.99954267101613503,-3.91203271843702671,5.00008178710937478,-0.00305210400439072773
4/23/2014 2:55:51.575 PM,215,3316.95455561833159,3320.92980536844243,3321.29573876634504,3319.36554674151102,3318.34819790182018,3319.91853099395211,3320.01074030587369,3320.01082113790107,3320.74567305429036,3317.23374677411629,3318.81131563022336,3318.0702480991149,3319.36554680910649,3318.62612283071712,3318.90366954202409,3318.81112560618476,3317.51302691556293,3321.11270986779027,3320.286781028537,3319.18091252274234,3320.286665816825,3319.08854568947208,3320.47021355145489,3320.37856277792889,3321.29573876634504,3320.19472974160407,3320.74606077533917,3319.91870431040479,3320.01059889838279,3319.45779933489029,3318.62616897959151,3319.7344052139133,3320.29816823688997,3320.48197079038618,3320.3900401314163,3320.94085159112819,3321.30757980465205,3320.29826915225385,3320.48202260868311,3321.30727033776656,3318.82292816207791,3320.57376439989138,3321.85580443835806,3320.84883862452306,3320.57390824534832,3319.74595404936053,18.1097794538405878,18.1631654471177839,17.7909623291746612,18.1329675603172013,19.848107745477769,17.9331380586265574,17.6735019702902747,17.8733539780059622,16.1856338521266956,16.2871394684371218,16.1576383722421468,16.4489262488123273,16.460414218183363,16.4864617745903779,16.4975200780920019,16.7522231777836374,17.5449825183577062,17.5525879145311059,17.3323358516964312,17.3727638238218418,17.4653890756041932,17.3502262218341734,17.3430853845372219,17.4392733963786561,3321.33239201881997,3321.78921391611902,3320.69099762123323,3322.33667280102099,3320.41544203518333,3320.50730144484623,5.00043335976624448,4.99987082841716201,0.624015854237301437,-5.00016405096516614,4.99982397048368288,4.99982397873487372,-0.00248898045462003,-0.0023740736870478305,-0.00249090045236495484,-0.00242836288293708184,-0.00289886474609374984,-0.00222015029216695702,-0.00278589363409833006,-0.00269138595343204308,-0.0027031976403484783,-0.00265365484598017228,-0.00252821807949555428,-0.00272562499511684424,-0.00267926377408315986,-0.00276822668445395872,-0.00240299653588696123,-0.00260757470251814618,-0.00307580830878733703,-0.00291936323537455352,-0.00238654576014938908,-0.00232956887424204569,-0.00296369250841816605,-0.00265160799240678376,-0.0024590623242022689,-0.00242490995249554668,-4.71406492999656112,5.00029275891706071,-5.00091408392384196,-5.00065637306995114,4.99991771110885352,-0.000030039974735830182,0.0000200356109987189865,-0.0000094820192097283498,0.0000664075314980003723,0.00000812250433688619066,-0.0000168074067059264578,-0.0000545266472300359433,-0.0000396752367172601418,0.0000399594396504578191,-0.0000244529614717735647,-5.00063279766880519,-5.00154709255989171,5.00055064035444196,4.99935526994195722,4.99961300082820248,5.00076156385513926,5.00005834824183814,4.99954267101613503,-3.91201547681358708,5.00008178710937478,-0.00300678433869543821
4/23/2014 2:55:52.575 PM,216,3316.95467484275968,3320.92992245620007,3321.29585565373736,3319.36566467868578,3318.34831638536889,3319.91864863215005,3320.01085789407989,3320.01093872606361,3320.74579024262902,3317.23386585081652,3318.81143386563735,3318.07036673112043,3319.36566474628125,3318.62624116547249,3318.90378772783833,3318.81124384170061,3317.51314584414194,3321.11282685547848,3320.28689846684938,3319.18103055942765,3320.28678325520013,3319.08866377588037,3320.47033088996386,3320.37868016632364,3321.29585565373736,3320.19484722994093,3320.74617796346638,3319.91882194850859,3320.01071648666538,3319.45791722228614,3318.62628731432232,3319.73452295181778,3320.29813558784326,3320.48193816915318,3320.3900074962662,3320.94081903952519,3321.30754730889521,3320.29823650322259,3320.48198998745783,3321.30723784196243,3318.82289529137824,3320.57373179256455,3321.85577202641798,3320.84880605893568,3320.57387563804377,3319.74592131701683,18.1070906822059356,18.1534006338654663,17.7783810673457374,18.1300499113079745,20.1549008891202526,17.9183541417668373,17.6594784115899976,17.8661036007180662,16.1891081985636909,16.2774402881791715,16.1589816396631711,16.448137558162248,16.4648802253671711,16.4938216593200764,16.5005394663199212,16.7623978487153415,17.5555533605780809,17.5705392274830707,17.3534906694481883,17.3850096312631379,17.4681982738985191,17.3544820664750325,17.3583748470152272,17.4533434088250026,3321.3322944720071,3321.78911657892695,3320.69089978150304,3322.33657571614139,3320.41534407010749,3320.50720352152302,5.00043335976624448,4.99987082841716201,0.624412564157148853,-5.00016405096516614,4.99982397048368288,4.99982397873487372,-0.00249676261943639327,-0.00235225259582480441,-0.00249364716314827255,-0.00243309344016376166,-0.0028886413574218746,-0.00222777915029411964,-0.00279092832648533814,-0.00269764279017072322,-0.00269327826503105864,-0.00263976967336703068,-0.00252531850182056896,-0.0027215048323710263,-0.00266766655077581771,-0.00279737233776583289,-0.00240436953728510395,-0.00259841878530521703,-0.00306558420123289937,-0.0029436286910352479,-0.002373727175594587,-0.00229568800986122441,-0.00294995927638929019,-0.00265649046160816842,-0.00244624373964746726,-0.00241346478771447322,-4.71242941409485905,5.00029275891706071,-5.00091408392384196,-5.00065637306995114,4.99991771110885352,-0.000019328530926626443,0.0000229616980995750777,-0.00000558663720341367943,0.0000675364702126163736,0.00000169867480777044669,-0.0000216873208511668606,-0.000106819058641975317,-0.0000449950858942695534,0.0000421277813369167753,-0.0000256687450209316141,-5.00063279766880519,-5.00154709255989171,5.00055064035444196,4.99935526994195722,4.99961300082820248,5.00076156385513926,5.00005834824183814,4.99954267101613503,-3.91311375296861108,5.00008178710937478,-0.00298648967358609982
4/23/2014 2:55:53.575 PM,217,3316.95488016900435,3320.93012410218762,3321.29605695461032,3319.36586778773107,3318.3485204355029,3319.91885122622989,3320.01106040205286,3320.01114123396064,3320.74599206186076,3317.23407092261095,3318.81163748837707,3318.07057103696115,3319.36586785532654,3318.62644495932181,3318.90399126514739,3318.81144746461632,3317.51335066080855,3321.11302832910405,3320.28710071664136,3319.18123383987222,3320.28698550509989,3319.08886714197024,3320.4705329678527,3320.37888233013654,3321.29605695461032,3320.19504956589662,3320.7463797823334,3319.91902454242699,3320.01091899477023,3319.45812024559063,3318.6264911081289,3319.73472571763522,3320.29832495649407,3320.48212737650874,3320.39019678432714,3320.94100784307465,3321.30773578857724,3320.29842587178518,3320.48217919476792,3321.30742632191822,3318.8230859454602,3320.57392091927158,3321.85596002002284,3320.84899494358296,3320.57406476462392,3319.74611116873211,18.1036013104579148,18.1453452452519706,17.772226900479005,18.1281571656720075,19.6395534768200157,17.9148635436269679,17.6451102681456042,17.8563039881013274,16.1914005989614686,16.2772964481160791,16.1525160411082531,16.4503537787043079,16.4704484530521817,16.5008369828142634,16.5131162853392013,16.7677356032351596,17.5688728989592171,17.5855321209175699,17.3633890670394315,17.3928505250987229,17.4808354279818729,17.3704693103486924,17.3856217094492429,17.4596616631317403,3321.33211888563118,3321.78894136984035,3320.69072366791442,3322.33640096118324,3320.41516773091416,3320.5070272574776,5.00043335976624448,4.99987082841716201,0.625004424841413719,-5.00016405096516614,4.99982397048368288,4.99982397873487372,-0.00249874630850723065,-0.0023580512074784757,-0.002499903559932497,-0.00242805768569665089,-0.00289413452148437481,-0.00222259152676764892,-0.00279092832648533814,-0.0026933698284955271,-0.00269495692854631415,-0.00264205843808348233,-0.00252501328311793881,-0.00272013144478908684,-0.002673465162429489,-0.00278592770950200804,-0.00240314909159786627,-0.00260742210389793049,-0.0030677205819159164,-0.00293615065752975092,-0.00238349371620776972,-0.00229919818950428219,-0.00295957253880950325,-0.00265923685053394681,-0.00245326344071319187,-0.00242185790855392689,-4.71274293249542797,5.00029275891706071,-5.00091408392384196,-5.00065637306995114,4.99991771110885352,0.000000949482406915312689,0.000044371868262981938,0.0000231921764122041884,0.000105940219216709366,-0.0000142822990576063527,-0.0000246711008036802137,-0.000115151659438974844,-0.0000476771447189483299,0.0000363841936466764555,-0.0000266923218860320545,-5.00063279766880519,-5.00154709255989171,5.00055064035444196,4.99935526994195722,4.99961300082820248,5.00076156385513926,5.00005834824183814,4.99954267101613503,-3.91436003243988573,5.00008178710937478,-0.00298328525277936213
4/23/2014 2:55:54.575 PM,218,3316.9555027781339,3320.9307355524711,3321.29666735847786,3319.36648367412817,3318.34913917535959,3319.91946555120876,3320.01167446594763,3320.01175529762667,3320.74660403743382,3317.2346927602266,3318.81225493233887,3318.07119055214025,3319.36648374172318,3318.62706292209986,3318.9046084500751,3318.81206490911063,3317.51397172485531,3321.11363925677187,3320.28771399771039,3319.18185024596641,3320.28759878649634,3319.08948380774609,3320.47114572769578,3320.37949535050938,3321.29666735847786,3320.19566310822074,3320.74699175680143,3319.91963886691519,3320.01153305906564,3319.45873587201367,3318.6271090707778,3319.73534056333619,3320.29825965545751,3320.48206213108369,3320.39013151107656,3320.94094273687551,3321.30767079404176,3320.29836057077864,3320.48211394935833,3321.30736132728861,3318.82302020122824,3320.57385570165297,3321.85589519307859,3320.84892980942277,3320.57399954704897,3319.74604570114252,18.0965506685372936,18.1336512400009297,17.7614439557519716,18.1281777079865591,19.0134871258844384,17.9024096985495404,17.6352425158758414,17.8481891478290677,16.1858636064268282,16.2828762338645241,16.1556594437308902,16.4368227844692676,16.4755720574683515,16.5074836689767714,16.5289814050065438,16.774989193300204,17.5837560921232239,17.596458063532971,17.3843666114775424,17.4030929504927982,17.491078895389748,17.3867269260983086,17.3977660713139706,17.4800984369153305,3321.33252858554351,3321.78935018938909,3320.69113459801883,3322.33680872107197,3320.41557918744365,3320.50743853865651,5.00043335976624448,4.99987082841716201,0.624446742242551145,-5.00016405096516614,4.99982397048368288,4.99982397873487372,-0.00249981444877614336,-0.00236766469522008876,-0.00249746203923621431,-0.00243461942636591681,-0.00291046142578124971,-0.00223525543125873945,-0.00278558850122639012,-0.002701457934523577,-0.00270380806344493489,-0.00265350226166574232,-0.00252653937663108912,-0.00273310232750740298,-0.00267941636912667758,-0.00278592770950200804,-0.00239582641747443891,-0.00260223375081060403,-0.00307000956121914869,-0.00293386146359949675,-0.00238791917992311814,-0.00231171274301431549,-0.00295972513027649084,-0.00265542242147036528,-0.00245509466707816365,-0.00241895846680938859,-4.71422581042216926,5.00029275891706071,-5.00091408392384196,-5.00065637306995114,4.99991771110885352,0.0000208412914816956959,0.0000518533756365993808,0.0000380257666697927309,0.00011854314181325376,-0.00000238394433938674356,-0.0000185342159626979903,0.0000152581213861540871,-0.0000374969225779222827,0.0000358669045321728756,-0.0000232676869200849778,-5.00063279766880519,-5.00154709255989171,5.00055064035444196,4.99935526994195722,4.99961300082820248,5.00076156385513926,5.00005834824183814,4.99954267101613503,-3.91528345106870024,5.00008178710937478,-0.00301593982671468849
4/23/2014 2:55:55.575 PM,219,3316.95574784696464,3320.93097622892401,3321.29690762303744,3319.36672609673769,3318.34938272115596,3319.91970735920767,3320.01191617117774,3320.01199700276674,3320.74684492065307,3317.23493752537206,3318.81249796804149,3318.07143440312165,3319.3667261643327,3318.62730616202043,3318.90485138381609,3318.81230794502289,3317.51421618550648,3321.11387972751117,3320.28795539480279,3319.18209287314084,3320.28784018371743,3319.08972653713726,3320.47138691962209,3320.37973664498576,3321.29690762303744,3320.19590460814924,3320.74723263958549,3319.91988067472129,3320.011774764454,3319.45897819229139,3318.62735231064743,3319.73558257630338,3320.29818782724714,3320.48199036406049,3320.39005971343749,3320.94087112303532,3321.30759930306021,3320.29828874260192,3320.48204218235241,3321.30728983620292,3318.82294788539184,3320.57378396522381,3321.85582388648981,3320.84885816481801,3320.57392781066755,3319.74597368968261,18.093448208819499,18.1287976820966605,17.7548399052800754,18.1300942778486878,18.9189445004376502,17.8993823301405683,17.6255972760646777,17.8427299099424488,16.1863357684905793,16.2721535461274485,16.1508763799933419,16.4487147060074186,16.479319208364906,16.5113831170345016,16.530824790844381,16.7888610174842512,17.5891934585385705,17.6123960605941328,17.3876743805367937,17.4022144089280246,17.4911134945209312,17.3890451314586976,17.3995510291371218,17.485078961336562,3321.3326586489461,3321.78947997331033,3320.69126505195936,3322.33693816859249,3320.41570980850383,3320.5075691040497,5.00043335976624448,4.99987082841716201,0.623378371912254092,-5.00016405096516614,4.99982397048368288,4.99982397873487372,-0.00249584707063446815,-0.00237086919113395963,-0.00250051394010656746,-0.00243767139877022624,-0.00289947509765624972,-0.00224212140357318629,-0.00279062319361339821,-0.0026956589151072392,-0.00269785643825448326,-0.00266403057936142121,-0.00253523810965604552,-0.00272394641029447427,-0.0026777378236479835,-0.00278272321358813673,-0.00240803087434681741,-0.00260711690665749955,-0.00308404863427897292,-0.00292729910766610169,-0.00240409501281370125,-0.00234086249570231945,-0.00295453702039891577,-0.00265282860970713014,-0.00247066009118042341,-0.00242735158764884225,-4.71380865083660261,5.00029275891706071,-5.00091408392384196,-5.00065637306995114,4.99991771110885352,0.0000145780658939569254,0.0000436014438698993911,0.0000343471339757416488,0.000106204146781072297,0.00000501360893398555572,-0.0000139182046455684335,0.00006061890773949055,-0.0000331021318230843791,0.0000306833319009968976,-0.000021931392830922553,-5.00063279766880519,-5.00154709255989171,5.00055064035444196,4.99935526994195722,4.99961300082820248,5.00076156385513926,5.00005834824183814,4.99954267101613503,-3.91662829769698328,5.00008178710937478,-0.00304905217505097763
4/23/2014 2:55:56.575 PM,220,3316.95653604201243,3320.9317502971985,3321.29768036657924,3319.36750578100236,3318.35016601781717,3319.92048506676246,3320.01269354820806,3320.01277437950693,3320.74761965392917,3317.2357247437053,3318.81327962413752,3318.07221868131864,3319.36750584859737,3318.62808847492351,3318.90563271198243,3318.8130896017933,3317.51500242452448,3321.1146531341692,3320.28873178079857,3319.1828732153267,3320.28861657012703,3319.09050720807317,3320.47216264576081,3320.38051270094774,3321.29768036657924,3320.19668132488641,3320.74800737146279,3319.9206583816549,3320.0125521419909,3319.45975754743676,3318.62813462338681,3319.73636094307676,3320.29842290579608,3320.4822252423819,3320.39029469194474,3320.94110550008281,3321.30783327806784,3320.29852382104127,3320.48227706061743,3321.30752381155025,3318.82318455964014,3320.57401874342986,3321.85605725809364,3320.84909264253838,3320.57416258871717,3319.7462093678946,18.089617533246102,18.1218461276782285,17.7459091760976939,18.1302173581086166,18.3955740542756274,17.8903015893573887,17.6248836755329314,17.8377590502122238,16.179531345629286,16.284157122818101,16.1570928419405533,16.4522641355048513,16.4807372202327826,16.5165328016002846,16.5431357760150064,16.7965978658221608,17.5974035013144458,17.6301931616384628,17.3945929272464532,17.4143062419622367,17.4981836221734497,17.3990079968434728,17.4093597798328154,17.4990712589689501,3321.33282773175233,3321.78964869279616,3320.69143464245826,3322.3371064507628,3320.41587961625509,3320.5077388394352,5.00043335976624448,4.99987082841716201,0.623413770643563625,-5.00016405096516614,4.99982397048368288,4.99982397873487372,-0.00250164554637999316,-0.0023595771579136525,-0.00248998488210384851,-0.00243736620152979529,-0.002902984619140625,-0.0022262533786686872,-0.00279687841748816604,-0.00270588350197288781,-0.00270838623666835952,-0.00264205843808348233,-0.00252821807949555428,-0.00272715098131899939,-0.0026795689641701953,-0.00280072942872322149,-0.00241199732283034051,-0.00261535723214913586,-0.00307428232258518189,-0.00294500220739340058,-0.00237036992725880554,-0.00231217059253297505,-0.00297177985616850406,-0.00264809871766828915,-0.00245463686048692092,-0.00241956887559771237,-4.7125957894875663,5.00029275891706071,-5.00091408392384196,-5.00065637306995114,4.99991771110885352,0.000014349091036983781,0.0000456152264419171339,0.0000496890166346243944,0.0000793567636732175219,0.0000195187350553245964,-0.00000540771980146208872,0.00017422308417330834,-0.0000212855027042235924,0.0000306955393137285467,-0.0000184381126206691875,-5.00063279766880519,-5.00154709255989171,5.00055064035444196,4.99935526994195722,4.99961300082820248,5.00076156385513926,5.00005834824183814,4.99954267101613503,-3.91697602919980348,5.00008178710937478,-0.00300251177761978782
4/23/2014 2:55:57.575 PM,221,3316.95662876928008,3320.93184136234867,3321.29777127586521,3319.36759750691453,3318.3502581687544,3319.92057656010047,3320.01278500265743,3320.0128658339222,3320.74771079732181,3317.23581735605557,3318.81337158204996,3318.07231094774033,3319.36759757450954,3318.6281805101139,3318.90572463131184,3318.81318155978533,3317.51509492165087,3321.11474412147572,3320.28882311864526,3319.18296501864824,3320.28870790802284,3319.09059905007416,3320.47225390597122,3320.38060399996402,3321.29777127586521,3320.1967727016472,3320.74809851469035,3319.92074987491969,3320.01264359649985,3319.45984923462583,3318.6282266585581,3319.73645251397692,3320.29852738521822,3320.48232963281452,3320.39039912690395,3320.94120966772743,3321.30793726702859,3320.29862830041474,3320.48238145102504,3321.30762780066243,3318.82328974825941,3320.57412308936727,3321.85616097887668,3320.8491968549265,3320.57426693458455,3319.74631411383279,18.0814941373633005,18.1099911732166774,17.741356682814235,18.1320550693849221,17.9998549019459553,17.8791323640596253,17.6172133464970031,17.8286474758894826,16.1826651165826867,16.2800572555239853,16.168682054480449,16.4415416989384226,16.4802929077431415,16.5251514252291436,16.5544217887347429,16.7943262806205205,17.610142091005649,17.6392784223359449,17.4010176663746847,17.4219470999043544,17.5193725246507945,17.4016268071304765,17.4259797599697101,17.5038193447166108,3321.3330423359489,3321.78986283584299,3320.69164989105092,3322.33732003874138,3320.41609514059837,3320.50795427192679,5.00043335976624448,4.99987082841716201,0.623665528861928386,-5.00016405096516614,4.99982397048368288,4.99982397873487372,-0.00248455530207739245,-0.00234141834773505002,-0.00248586481592887173,-0.00242729469259557332,-0.00289123535156249984,-0.002229610076244639,-0.00278467310261057074,-0.00268543432824159102,-0.00269175220728991695,-0.00263900675179487999,-0.00252470806441530866,-0.00271402749998046755,-0.00265912122833882828,-0.00279004777567698481,-0.00238224895920391812,-0.00259048365705401166,-0.00306115884124665049,-0.00291386916994194369,-0.00239753311833921937,-0.00230209790312246084,-0.00294355043477581525,-0.00264321624846690492,-0.00243830842539925633,-0.00240888672180204419,-4.71233859449975778,5.00029275891706071,-5.00091408392384196,-5.00065637306995114,4.99991771110885352,0.00000340867237080689419,0.0000334257395097794144,0.000100379354035762277,0.0000388782083828032236,0.0000223086519902791186,-0.00000423922519838170538,0.000151073409907798102,-0.0000231417255447525576,0.0000269219228530579035,-0.0000191169378143647104,-5.00063279766880519,-5.00154709255989171,5.00055064035444196,4.99935526994195722,4.99961300082820248,5.00076156385513926,5.00005834824183814,4.99954267101613503,-3.91666033965204763,5.00008178710937478,-0.00297504531356203653
4/23/2014 2:55:58.575 PM,222,3316.95713215659179,3320.93233572772715,3321.29826479521534,3319.36809545889355,3318.35075842775677,3319.92107324967173,3320.0132814811418,3320.01336231222148,3320.74820558739702,3317.23632011959762,3318.8138707933208,3318.07281183359145,3319.3680955264881,3318.62868014084824,3318.90622363315333,3318.81368077148681,3317.51559705976251,3321.11523806431887,3320.289318964215,3319.18346339080244,3320.28920375385678,3319.09109763218157,3320.47274933012931,3320.38109963476063,3321.29826479521534,3320.19726875844162,3320.74859330387244,3319.92124656409441,3320.01314007530845,3319.46034697641562,3318.62872628918785,3319.73694962455192,3320.29987255579453,3320.48367365763897,3320.39174372501384,3320.94255082413747,3321.30927612286586,3320.29997347036214,3320.48372547552617,3321.3089666584442,3318.82464404982329,3320.57546654130783,3321.85749638188917,3320.85053858741048,3320.57561038562698,3319.74766271582939,17.9785316425043966,18.1058057325017394,17.7439424659711982,18.1365412833666148,18.8426989248368528,17.8814135194883867,17.6182015208765925,17.8209675357280552,16.1916477642718064,16.2846256458252334,16.1733270378750724,16.4587470178378936,16.4911827232968342,16.5243126037491805,16.5691975745875943,16.797979452056591,17.6100501439078023,17.6447412172279137,17.4060254466056889,17.4360100359840011,17.5220967412174353,17.417671109215938,17.4408030425097387,17.5164345234329595,3321.33409584809032,3321.79091408416661,3320.69270656657818,3322.33836856219386,3320.41715316980617,3320.50901185022758,5.00043335976624448,4.99987082841716201,0.624322083779276005,-5.00016405096516614,4.99982397048368288,4.99982397873487372,-0.00248653899114822984,-0.00235469411652108711,-0.00248830633662515443,-0.00242332712846997063,-0.00288787841796874986,-0.00222686368731886018,-0.0027735357527847648,-0.00268711299175684653,-0.00269388868812751522,-0.00264877214791840818,-0.00251799325295744758,-0.00270181961036322898,-0.00267193921199431221,-0.00276563256871415831,-0.00239506363891991547,-0.00259567201014133811,-0.00307000956121914869,-0.0029341666894568642,-0.00237861044590117858,-0.00231278105855785461,-0.00294751781291749046,-0.00265008222078135132,-0.00243800322100509422,-0.00241254917453198733,-4.71154625077173694,5.00029275891706071,-5.00091408392384196,-5.00065637306995114,4.99991771110885352,-0.00000162266848641635372,0.0000305774576446603698,0.000104112937259683,0.0000339459666742173317,0.0000255274347122808053,-0.00000312717224061982567,0.000139351302449601511,-0.0000242209603706193148,0.0000266701449654676666,-0.0000195623691774188531,-5.00063279766880519,-5.00154709255989171,5.00055064035444196,4.99935526994195722,4.99961300082820248,5.00076156385513926,5.00005834824183814,4.99954267101613503,-3.91681581942448043,5.00008178710937478,-0.00301716055845058879
4/23/2014 2:55:59.575 PM,223,3316.95817204158038,3320.9333569746318,3321.29928429434176,3319.36912411522553,3318.35179185008519,3319.92209929804175,3320.01430709343594,3320.01438792413364,3320.74922771166848,3317.23735871596363,3318.81490205117825,3318.0738465509039,3319.36912418282008,3318.62971226525996,3318.90725445835869,3318.8147120302342,3317.51663436407352,3321.11625843832371,3320.29034326899318,3319.1844929151598,3320.29022805918157,3319.09212759027286,3320.47377276432916,3320.38212350411049,3321.29928429434176,3320.19829349958217,3320.74961542629762,3319.92227261164498,3320.01416568827153,3319.46137519852618,3318.62975841338402,3319.73797654265899,3320.30313099504292,3320.4869293214615,3320.395000777542,3320.94579953961874,3321.31251926552568,3320.30323190808803,3320.48698113856562,3321.31220980581383,3318.82792460763812,3320.57872081739742,3321.86073116055422,3320.85378869835312,3320.57886465954106,3319.75092946722361,17.8864662138979646,18.1066648326848885,17.7415304083342491,18.1387697638467884,19.9201822613376116,17.8901841579037217,17.6189858278816089,17.8226648073094225,16.2143590293209456,16.3191459470111511,16.1893444593892397,16.4516143198850635,16.4974506022666638,16.5352257925881716,16.574094739372029,16.820385879366178,17.6216532901520288,17.6510936383572492,17.4142827923416199,17.4345247077025824,17.5384965113785718,17.4222746619022146,17.4459388056496003,17.5193630856259013,3321.33708729788213,3321.79389910577583,3320.69570699890709,3322.34134584644334,3320.42015744595346,3320.51201484601051,5.00043335976624448,4.99987082841716201,0.625563022924706669,-5.00016405096516614,4.99982397048368288,4.99982397873487372,-0.00248714935701618021,-0.00233989239729987366,-0.00248784855149460126,-0.00241996995882523026,-0.00288574218749999964,-0.00222137090946730297,-0.00278116407458326191,-0.00269596412665546771,-0.00268503755322889405,-0.00263275079490324446,-0.00251326236306668137,-0.00272852436890093841,-0.00266659838547119365,-0.00279477822202603248,-0.00240299653588696123,-0.00259704539772327757,-0.0030571912771210478,-0.00292760433352346871,-0.00238837698651436087,-0.00232575346158654791,-0.00294782299585146521,-0.00265771107890851437,-0.00243922403858174222,-0.00242536775908678941,-4.71069056228410865,5.00029275891706071,-5.00091408392384196,-5.00065637306995114,4.99991771110885352,-0.0000238546005994622831,0.0000260220373718990147,0.0000936387557050861146,0.0000296087061800912322,0.0000120891313138811578,-0.00000764860566559405178,0.0000448190146897952844,-0.0000323480412941194869,0.0000323282807665864526,-0.0000215652848612890111,-5.00063279766880519,-5.00154709255989171,5.00055064035444196,4.99935526994195722,4.99961300082820248,5.00076156385513926,5.00005834824183814,4.99954267101613503,-3.91721374999023508,5.00008178710937478,-0.00303821818089486471
4/23/2014 2:56:00.575 PM,224,3316.95825152170118,3320.93343503004371,3321.29936221615207,3319.36920273701935,3318.3518708361953,3319.92217772048115,3320.014385482541,3320.01446631320959,3320.74930583414652,3317.23743809758116,3318.81498087183445,3318.07392563600342,3319.36920280461345,3318.62979115215648,3318.90733324594293,3318.81479085095861,3317.51671364692538,3321.11633642701008,3320.29042155815068,3319.18457160330626,3320.2903063483809,3319.0922063115745,3320.47385098693939,3320.38220175998367,3321.29936221615207,3320.19837182209539,3320.74969354863469,3319.92235103402163,3320.01424407742797,3319.46145378712753,3318.62983730026417,3319.73805503158155,3320.30509650095336,3320.48889315319093,3320.39696544696062,3320.94775917999777,3321.31447554428996,3320.30519741308035,3320.48894496982256,3321.31416608741983,3318.82990345582038,3320.58068381202429,3321.86268239402443,3320.85574918049633,3320.58082765285553,3319.75289998715288,17.9136833458588569,18.101179375988174,17.7365771585977505,18.1395986473952462,18.8399668769823378,17.8798315372907233,17.6112957165431609,17.8161191480794869,16.2091752783790603,16.3018521103159095,16.1853764333646595,16.4726957849802709,16.5007174772568845,16.5407013123442112,16.5756097841570096,16.8282958933909192,17.6215650231326357,17.6459072544444915,17.425230852306381,17.4443295257816082,17.5422893986223691,17.4364195277489102,17.4563518060087652,17.5287858848696736,3321.33903823823675,3321.79584585376869,3320.69766379753355,3322.34328754824946,3320.42211675145927,3320.51397331648286,5.00043335976624448,4.99987082841716201,0.626935181505163808,-5.00016405096516614,4.99982397048368288,4.99982397873487372,-0.00251019066853129351,-0.00236980102582933601,-0.00250432881619450922,-0.00244713251322358633,-0.00290084838867187478,-0.00224105336343538315,-0.0027993194804636851,-0.00270267878071649061,-0.00269358347657928671,-0.00265975821855737784,-0.00253081243846790989,-0.00271997884616887158,-0.0026777378236479835,-0.00279111594098160843,-0.00240482720441781818,-0.0026017759549499574,-0.00309457793907384152,-0.00291783710608771755,-0.00235343108338281716,-0.00231171274301431549,-0.00295301110572904072,-0.00266579766852330716,-0.00245295823631903019,-0.00241651683165609301,-4.70859209540435142,5.00029275891706071,-5.00091408392384196,-5.00065637306995114,4.99991771110885352,-0.0000117570956560477676,0.0000243881274214209802,0.000104984513719559835,0.0000271097850793601176,0.00000189860868002375214,-0.0000146717768830641382,-0.0000247063139748398207,-0.0000386677473465783003,0.0000280739974296071701,-0.0000231151419327376692,-5.00063279766880519,-5.00154709255989171,5.00055064035444196,4.99935526994195722,4.99961300082820248,5.00076156385513926,5.00005834824183814,4.99954267101613503,-3.91880684547989943,5.00008178710937478,-0.00301883906458745143
4/23/2014 2:56:01.575 PM,225,3316.95772826975326,3320.93292115670556,3321.29884922228893,3319.36868513528725,3318.35135083623254,3319.92166143106487,3320.01386941255668,3320.01395024341718,3320.74879151932145,3317.23691549406294,3318.81446196102479,3318.07340498440999,3319.36868520288135,3318.62927180530005,3318.9068145528422,3318.81427193970103,3317.51619169356445,3321.11582299291194,3320.28990614610302,3319.18405356478706,3320.28979093605812,3319.09168805480158,3320.47333601296304,3320.38168656704192,3321.29884922228893,3320.19785619047206,3320.74917923473822,3319.9218347450178,3320.01372800710669,3319.46093640389381,3318.62931795351642,3319.73753830451733,3320.30384275690721,3320.48764047706345,3320.39571223649181,3320.94650917742956,3321.3132276860133,3320.30394366961991,3320.48769229399658,3321.31291822733055,3318.82864120106705,3320.57943166986388,3321.8614377540166,3320.85449864098745,3320.57957551153231,3319.75164304478721,18.0685856217794907,18.089390506239976,17.7211344239332966,18.1324520438785548,16.1572753519844951,17.8713146278986166,17.600191959059142,17.8057803192682087,16.2167901231801075,16.3313252487014715,16.1898724470904085,16.464475433249472,16.5028525181064012,16.5432932563257786,16.5839151130993798,16.8200760024004126,17.6124699757859488,17.6594112456715919,17.4243539094944921,17.447637960443906,17.5431627479849936,17.4461217993674751,17.4447450963448887,17.5420611079515112,3321.33925934360786,3321.7960664839893,3320.69788556686444,3322.34350760654979,3320.42233880491312,3320.51419527529606,5.00043335976624448,4.99987082841716201,0.626903139550099242,-5.00016405096516614,4.99982397048368288,4.99982397873487372,-0.00249966185730915577,-0.00236125570339234658,-0.00249837760949732021,-0.00243477202498613207,-0.00290161132812499995,-0.00223449254544602323,-0.00279428478807667701,-0.00270420483845763187,-0.00269602516896511307,-0.00263854899885158966,-0.00251387280047194166,-0.00272470940339555141,-0.00267254959216838266,-0.00280133980889729194,-0.00239231763612363048,-0.00259216224187638206,-0.00307672390050862986,-0.00293721894803053614,-0.00240607884137575409,-0.00235108780161905366,-0.00295636811800276556,-0.00265862654188377384,-0.0024549420648810826,-0.00242689378105759909,-4.70460519149838241,5.00029275891706071,-5.00091408392384196,-5.00065637306995114,4.99991771110885352,-0.0000176142724974208286,0.0000142917538898956425,0.000107318384835412159,0.0000143741359042054614,0.0000235631988833494776,-0.00000571891157565059813,0.000130968339779653087,-0.0000254650570935067388,0.000030062279778274317,-0.0000199788169928770042,-5.00063279766880519,-5.00154709255989171,5.00055064035444196,4.99935526994195722,4.99961300082820248,5.00076156385513926,5.00005834824183814,4.99954267101613503,-3.92007173980125945,5.00008178710937478,-0.00298252229544442461
4/23/2014 2:56:02.575 PM,226,3316.95818528897189,3320.93336998463701,3321.29929728208617,3319.36913721960218,3318.35180501516424,3319.92211236920138,3320.01432015904174,3320.01440098973398,3320.74924073284864,3317.2373719469424,3318.81491518868915,3318.07385973247664,3319.36913728719628,3318.62972541380804,3318.90726759035897,3318.81472516775647,3317.51664757859589,3321.11627143721125,3320.29035631794522,3319.18450603059182,3320.29024110814043,3319.0921407112296,3320.4737858021931,3320.38213654751689,3321.29929728208617,3320.19830655409168,3320.74962844745414,3319.9222856827946,3320.01417875388551,3319.46138829737219,3318.62977156192937,3319.73798962489627,3320.30394723477184,3320.48774486593083,3320.39581666988942,3320.94661334349075,3321.31333167337561,3320.30404814743542,3320.48779668283896,3321.31302221484429,3318.82874638818748,3320.57953601423241,3321.86154147317847,3320.85460285179579,3320.57967985583081,3319.75174778918972,18.0581807680463768,18.0766984895444018,17.7055494972123633,18.1212085097307565,14.3651437314273647,17.8510930241807664,17.5925216622281582,17.7893690907416548,16.2151276782460911,16.3142035210369478,16.1972724048680057,16.4886976109701067,16.5046929299916805,16.5359945732358042,16.5785194853282434,16.8187180665691365,17.6089039852921658,17.6392579095798183,17.4134034076118063,17.4353964756841471,17.532213712860532,17.4426315458530787,17.4293079290280204,17.5384954653909979,3321.33855700687581,3321.79536565653143,3320.69718112112104,3322.34280859574801,3320.42163345667904,3320.51349022767863,5.00043335976624448,4.99987082841716201,0.626448754111135431,-5.00016405096516614,4.99982397048368288,4.99982397873487372,-0.00250042481464409329,-0.00235393114130349893,-0.00249715684914917887,-0.00243172005258182264,-0.00289901733398437471,-0.00224029047762266693,-0.00279443735451264698,-0.00270679913661757247,-0.00269633038051334158,-0.00266342024210370091,-0.00252898112625212944,-0.00272715098131899939,-0.0026786533939090894,-0.00278791144506773756,-0.00240314909159786627,-0.0026068117094170686,-0.00308404863427897292,-0.00294072904539025926,-0.00238349371620776972,-0.00233750493256548123,-0.0029623191852152786,-0.00265328634119475987,-0.00245952013079351207,-0.002423383930524737,-4.70122654992263022,5.00029275891706071,-5.00091408392384196,-5.00065637306995114,4.99991771110885352,-0.0000242606493458279942,0.00000533347263013184818,0.0000914407345103004065,0.0000033181644652565142,0.0000224627994795736512,-0.00000674401389062451181,0.0000992525687607438696,-0.0000283715112780191961,0.0000291940275477358603,-0.0000208788324182261243,-5.00063279766880519,-5.00154709255989171,5.00055064035444196,4.99935526994195722,4.99961300082820248,5.00076156385513926,5.00005834824183814,4.99954267101613503,-3.92157023523311432,5.00008178710937478,-0.00299015186879379984
4/23/2014 2:56:03.575 PM,227,3316.95880789358443,3320.93398142998512,3321.29990768097923,3319.36975310122989,3318.35242375035841,3319.92272668935265,3320.01493421809891,3320.01501504856241,3320.74985270350634,3317.23799378001194,3318.81553262794022,3318.07447924302278,3319.36975316882399,3318.63034337189492,3318.90788477056639,3318.81534260754006,3317.51726863806789,3321.11688235992414,3320.29096959414801,3319.18512243193663,3320.29085438467018,3319.09275737226562,3320.47439855715038,3320.38274956301347,3321.29990768097923,3320.1989200915591,3320.7502404170068,3319.9229000024552,3320.01479281334332,3319.46200391901675,3318.6303895198871,3319.73860446578874,3320.30308528658861,3320.4868836519463,3320.39495508854315,3320.94575396758864,3321.3124737716821,3320.3031861996551,3320.48693546906133,3321.31216431190432,3318.82787858886104,3320.57867516735223,3321.86068578405729,3320.85374310674433,3320.57881900952634,3319.7508836421498,18.0600358562084828,18.0704145970283889,17.6959163699606101,18.1090700066485688,13.4552210656402042,17.8429080867955712,17.5847924588159969,17.7843045338727847,16.2095241403580239,16.3091314371275722,16.2045379623170014,16.482408871551911,16.5073126933941765,16.5341209252249364,16.5803020684950653,16.8231640160254834,17.6149691820329934,17.648366449022788,17.4092706200521263,17.4322538958995778,17.5315063738154002,17.4345409511463067,17.4117826971302776,17.5255380419081668,3321.3381733218689,3321.79498279602103,3320.69679628398853,3322.34242672765322,3320.42124812652718,3320.51310506175013,5.00043335976624448,4.99987082841716201,0.626634139708294957,-5.00016405096516614,4.99982397048368288,4.99982397873487372,-0.00249859371704024306,-0.0023656809596543588,-0.00249608868384455524,-0.00244392794219906121,-0.0029040527343749999,-0.00223693378004671557,-0.00279504762025652685,-0.00271076688674454051,-0.00270838623666835952,-0.00265045057537713954,-0.00253600115641262067,-0.00272852436890093841,-0.00268063712947481892,-0.00279538860220010293,-0.00240803087434681741,-0.00261688321835129058,-0.00309274675563125543,-0.00292378901030637857,-0.00240104296887208189,-0.00229751940793586308,-0.00295438442893192817,-0.00265664303877071167,-0.00247645897466950045,-0.00242704638325468014,-4.69781387007846351,5.00029275891706071,-5.00091408392384196,-5.00065637306995114,4.99991771110885352,-0.0000363779987768468461,0.00000283150034368555712,0.0000730506238472599838,0.000000352411950103105663,0.0000170630587159691146,-0.0000077035218610390834,0.0000877776923152054996,-0.0000292904637040047517,0.0000287789755148598342,-0.0000207613727779686972,-5.00063279766880519,-5.00154709255989171,5.00055064035444196,4.99935526994195722,4.99961300082820248,5.00076156385513926,5.00005834824183814,4.99954267101613503,-3.92351579222848956,5.00008178710937478,-0.00302479013179996403
4/23/2014 2:56:04.575 PM,228,3316.95920530083185,3320.93437171430287,3321.30029729734678,3319.37014621721391,3318.35281868776655,3319.92311880865008,3320.01532617074053,3320.01540700105806,3320.7502433231275,3317.23839069478572,3318.81592673815066,3318.07487467533565,3319.37014628480756,3318.63073781327739,3318.90827871543024,3318.81573671809064,3317.51766505905607,3321.11727231064469,3320.29136104709505,3319.1855158796543,3320.29124583782595,3319.0931509857437,3320.47478967738834,3320.383140849553,3321.30029729734678,3320.19931171127109,3320.75063103592265,3319.92329212143886,3320.01518476624096,3319.46239686905346,3318.6307839611868,3319.73899691747419,3320.30334648239159,3320.48714462526186,3320.39521617318223,3320.94601438390236,3321.31273374126021,3320.3034473953362,3320.48719644231459,3321.31242428185987,3318.82814155776122,3320.57893602942249,3321.86094508315,3320.85400363492317,3320.57907987142243,3319.75114550428224,18.0654277703409782,18.0643975481744015,17.7029096820592571,18.1110406336334435,16.4262721581093203,17.8369677525886878,17.5790044778836076,17.7757815793609062,16.2079947299062539,16.3141508443251197,16.204911829671083,16.4875031517585171,16.5010607562354998,16.5310676846276436,16.5664319628069378,16.8285625443077151,17.6108807187116625,17.6321799199385509,17.4054095767872603,17.4273281024953093,17.5171426848930203,17.4238295885198653,17.3911806066275396,17.5018195167635255,3321.33810829082858,3321.79491790473048,3320.69673105766696,3322.34236200457326,3320.42118281664034,3320.51303977969882,5.00043335976624448,4.99987082841716201,0.627404977598706281,-5.00016405096516614,4.99982397048368288,4.99982397873487372,-0.00249645743650241808,-0.0023623238686969702,-0.00250585476662968602,-0.00243141485534139126,-0.00290924072265624995,-0.002252038919138498,-0.00280526957146651256,-0.00269871103058952257,-0.0027221207563386334,-0.00266036855581509814,-0.00253371201614289521,-0.00273111854544460164,-0.00268063712947481892,-0.00280576506515930416,-0.00241642143844657785,-0.00261200006250439506,-0.00308740580392371372,-0.00293920291610342329,-0.00239203943924430444,-0.00232300636447458925,-0.00296659174629092855,-0.00266320385676007158,-0.00245387384950151609,-0.00244520604470731652,-4.6943863843507243,5.00029275891706071,-5.00091408392384196,-5.00065637306995114,4.99991771110885352,-0.0000415818340263231974,0.00000134862408610885307,0.0000551810168143736772,0.0000021373555934824719,0.00000783099769871534049,-0.0000127969989885657161,-0.0000109849927723081738,-0.0000369428034240472749,0.0000314462951967248899,-0.0000231471763800806023,-5.00063279766880519,-5.00154709255989171,5.00055064035444196,4.99935526994195722,4.99961300082820248,5.00076156385513926,5.00005834824183814,4.99954267101613503,-3.92502771476532386,5.00008178710937478,-0.00301014135096916349
4/23/2014 2:56:05.575 PM,229,3316.95988089291677,3320.93503519738578,3321.30095964491329,3319.37081451413769,3318.35349008111688,3319.92378541120297,3320.01599248997899,3320.01607332004778,3320.75090737622804,3317.23906544966348,3318.81659672526302,3318.07554691002587,3319.37081458173133,3318.63140836338243,3318.90894842145189,3318.81640670578099,3317.51833897449705,3321.11793522661219,3320.29202651685182,3319.18618474052664,3320.29191130793788,3319.09382012840933,3320.47545458153763,3320.38380603641553,3321.30095964491329,3320.19997746452827,3320.75129508782356,3319.92395872346014,3320.01585108591371,3319.46306488386699,3318.63145451115178,3319.73966408508795,3320.30335301184641,3320.48715114915239,3320.39522269985673,3320.94602089386216,3321.31274024004733,3320.30345392478784,3320.48720296620331,3321.31243078065654,3318.82814813156028,3320.57894255053088,3321.86095156516876,3320.85401014768058,3320.57908639252627,3319.75115205040128,18.0844425765807415,18.0656964052357871,17.701697843588434,18.1128713867352786,17.7166134658218937,17.8378100238229429,17.5761192966239292,17.771453001304895,16.2329706065375348,16.3198676749916061,16.2095632302056032,16.4880413456371393,16.5024370178613786,16.5319871611656879,16.5687987925354854,16.8185947112146685,17.6016966545486895,17.6220070780136702,17.402083625280607,17.4093916651296183,17.5106205122924621,17.4198948742549149,17.3934109485561841,17.495679757557653,3321.33786767448191,3321.794677805437,3320.69648971880724,3322.34212252763745,3320.42094116860198,3320.51279823464665,5.00043335976624448,4.99987082841716201,0.627787497509882386,-5.00016405096516614,4.99982397048368288,4.99982397873487372,-0.00250301886958288105,-0.0023623238686969702,-0.00250341324593340332,-0.00242332712846997063,-0.00290817260742187462,-0.00223769666585943178,-0.00279764124966801545,-0.00271244555025979646,-0.00272502026604680252,-0.00265090832832042987,-0.00253554332835867567,-0.00272837177028072316,-0.00268262086504054888,-0.00281034291646483411,-0.00242191344403914826,-0.00260116556046909551,-0.00305902246056363389,-0.00295553249947256994,-0.00237494799317123501,-0.0023312476558104648,-0.00296491324015406592,-0.00265359149551984636,-0.00245921492639934996,-0.00242552036128387046,-4.69076657477453551,5.00029275891706071,-5.00091408392384196,-5.00065637306995114,4.99991771110885352,-0.0000453477071740081929,0.000000715503050209334153,0.0000340830661516458664,0.00000254011210788602105,-0.00000602396178460913583,-0.0000200627167359180241,-0.000090483498398187217,-0.0000444165427556507357,0.0000348826818806837624,-0.0000250143270252116605,-5.00063279766880519,-5.00154709255989171,5.00055064035444196,4.99935526994195722,4.99961300082820248,5.00076156385513926,5.00005834824183814,4.99954267101613503,-3.92564261514108725,5.00008178710937478,-0.00301822869871950107
4/23/2014 2:56:06.575 PM,230,3316.95990076456837,3320.93505471300977,3321.30097912715109,3319.3708341712977,3318.35350982931777,3319.9238050185454,3320.01601208899137,3320.01609291905333,3320.75092690861174,3317.23908529669961,3318.81661643211782,3318.07556668296365,3319.37083423889134,3318.63142808679049,3318.90896812004211,3318.81642641265307,3317.51835879685222,3321.11795472556195,3320.29204609088765,3319.18620441426765,3320.29193088198417,3319.09383981043583,3320.47547413894381,3320.38382560213403,3321.30097912715109,3320.19999704690008,3320.75131462017179,3319.92397833078666,3320.01587068493927,3319.46308453273241,3318.63147423455575,3319.73968370904413,3320.30326812517432,3320.48706633479787,3320.3951378493175,3320.94593626055711,3321.31265575194993,3320.30336903815532,3320.48711815186925,3321.31234629243636,3318.82806266855641,3320.57885777233559,3321.86086729500721,3320.85392547801484,3320.57900161438783,3319.75106694714395,18.0841425822162556,18.0631137892605515,17.7064194959586523,18.1140926290769606,21.0665670310806661,17.8391071644834795,17.5775687157037481,17.7767035870314203,16.237846949935534,16.3226130595414673,16.2135276605151617,16.5008352572301113,16.5181303255261191,16.5300874646975764,16.5720782721113942,16.8099956721087764,17.604559100431139,17.6316414713450697,17.3919307718572718,17.4134719489556069,17.5013058969531663,17.4161362430617288,17.3993174524448904,17.4993026277360641,3321.33774411608146,3321.79455451256762,3320.69636578936069,3322.34199955437816,3320.42081708037722,3320.51267419931082,5.00043335976624448,4.99987082841716201,0.628660717075762099,-5.00016405096516614,4.99982397048368288,4.99982397873487372,-0.00251202176613514374,-0.00237987229870150179,-0.00251134818819632186,-0.00242592130501363386,-0.00291503906249999988,-0.00224120594059792682,-0.00280893116592979136,-0.00270908822322928501,-0.00273158231433371116,-0.00266754001859331432,-0.0025529407944085889,-0.00272928736200201598,-0.00268719871634607883,-0.00279691455263527972,-0.00241764188413381553,-0.00262481834660249552,-0.00309183116390996261,-0.0029492753693965419,-0.00242957957972622434,-0.00232682177713008703,-0.00296918580122971631,-0.00265801623323360086,-0.00247600116807825729,-0.00243681292386786286,-4.68733557837337233,5.00029275891706071,-5.00091408392384196,-5.00065637306995114,4.99991771110885352,-0.0000358773070895989033,0.00000138218712897581539,0.0000145863128731751461,0.0000028833705008435918,0.00000501818757228143337,-0.000013625318269861601,0.0000626135431317393363,-0.0000330914463297589647,0.0000355067858565892637,-0.0000221083450162454308,-5.00063279766880519,-5.00154709255989171,5.00055064035444196,4.99935526994195722,4.99961300082820248,5.00076156385513926,5.00005834824183814,4.99954267101613503,-3.92670427191889448,5.00008178710937478,-0.00305332473612662803
4/23/2014 2:56:07.575 PM,231,3316.96007297267215,3320.93522383435265,3321.30114795903409,3319.37100451975857,3318.35368096710317,3319.92397493508679,3320.0161819333116,3320.01626276330989,3320.75109617526004,3317.23925729138727,3318.81678721143225,3318.07573803521836,3319.37100458735221,3318.63159900962,3318.90913882770291,3318.81659719211484,3317.51853057755488,3321.11812370233883,3320.29221571866264,3319.18637490648734,3320.29210050984966,3319.09401037448879,3320.47564362253706,3320.38399515779519,3321.30114795903409,3320.20016674694306,3320.75148388651496,3319.92414824719253,3320.01604052937,3319.46325480927953,3318.63164515734979,3319.73985376962764,3320.30319629285259,3320.48699456364374,3320.39506604755752,3320.94586464253643,3321.31258425674877,3320.30329720586723,3320.48704638073195,3321.31227479713152,3318.82799034876507,3320.5787860317655,3321.86079598413971,3320.85385382924005,3320.57892987386549,3319.75099493163134,18.0725238578482745,18.0493592259421334,17.6969999921185987,18.1148683332992917,20.8074488202414791,17.8399592453483109,17.5790293289749435,17.7729931118685336,16.2489767188554239,16.3381631553851605,16.2175030859384144,16.5046571575115237,16.5176885892448233,16.5258376974217711,16.5598299749379194,16.7940990225189708,17.6051066572860861,17.6299064060782484,17.3947622283434988,17.4091490643589886,17.5033758432410522,17.4122694289475568,17.3882978905102661,17.4924695426484078,3321.33731490866239,3321.79412622746167,3320.6959352931326,3322.34157237942463,3320.42038603263972,3320.51224333527898,5.00043335976624448,4.99987082841716201,0.628942075957377056,-5.00016405096516614,4.99982397048368288,4.99982397873487372,-0.00250301886958288105,-0.00235591487686922846,-0.00250493919636857968,-0.00243263564430311547,-0.00291183471679687476,-0.00225051314751306556,-0.00280694780226218221,-0.00271809196390202,-0.00272318899675743275,-0.0026557910263821944,-0.00253966378084418158,-0.00272730357993921464,-0.00269070840234698471,-0.00281217405698704634,-0.00240879365290134128,-0.00260986368182137846,-0.00307504531568625946,-0.00294149211003367746,-0.00237510059536831606,-0.00232315898098080925,-0.00295865699000757813,-0.00267205333218758058,-0.00244838017040660072,-0.00243452389091164791,-4.68485337962456416,5.00029275891706071,-5.00091408392384196,-5.00065637306995114,4.99991771110885352,-0.0000319252010582424123,0.00000183223702196463007,0.00000894167233267684994,0.00000288947287227394855,0.00000957851131497514757,-0.00000907032494767096718,0.0000850627295280512566,-0.0000294934880771876107,0.0000352992598401512489,-0.0000203922139085882104,-5.00063279766880519,-5.00154709255989171,5.00055064035444196,4.99935526994195722,4.99961300082820248,5.00076156385513926,5.00005834824183814,4.99954267101613503,-3.92729018195436152,5.00008178710937478,-0.00299610293600631244
4/23/2014 2:56:08.575 PM,232,3316.96044388775089,3320.93558810151671,3321.30151160279274,3319.37137142975007,3318.35404957705122,3319.92434091485893,3320.01654775754195,3320.01662858740383,3320.75146075536713,3317.23962774683423,3318.81715504934754,3318.0761071070674,3319.37137149734371,3318.63196715662161,3318.90950651129787,3318.81696503034754,3317.51890057214632,3321.11848765815284,3320.29258107652231,3319.18674212608994,3320.29246586790441,3319.09437774879734,3320.47600866987522,3320.38436036034454,3321.30151160279274,3320.20053226044638,3320.75184846596312,3319.92451422667227,3320.0164063538391,3319.4636215643909,3318.63201330427409,3319.74022005962115,3320.30325506487679,3320.48705328562255,3320.39512479457698,3320.94592323922552,3321.31264275295052,3320.3033559778637,3320.48710510269666,3321.3123332934183,3318.82804951962361,3320.57884472872137,3321.86085432952495,3320.85391245109121,3320.57898857078225,3319.75105385353754,18.0638294424630992,18.04126876256678,17.6919517747978823,18.1054111651212111,20.9345904799502627,17.8435082083754821,17.5736780998416684,17.7744116347444105,16.2492549730010616,16.3455237608383861,16.2106224360607314,16.4885672345542673,16.5252020418861178,16.5185761532405948,16.5655926511542013,16.8111267295544984,17.6003216239574911,17.6194145673525284,17.3857127911534768,17.4036028628533224,17.494632171646888,17.4122020508092703,17.3876982570695802,17.4885981665648735,3321.33821884341478,3321.79502821974028,3320.69684194223509,3322.34247203362156,3320.42129384327063,3320.51315075900856,5.00043335976624448,4.99987082841716201,0.630420125570285816,-5.00016405096516614,4.99982397048368288,4.99982397873487372,-0.00250225591224794352,-0.00236781729026360605,-0.00249502051853993162,-0.00243461942636591681,-0.00290039062499999976,-0.00222472760704325477,-0.00280054001195144441,-0.00271320857913036687,-0.00269785643825448326,-0.00264358428122778372,-0.00253478028160210051,-0.00272791397442007652,-0.00269360770817382057,-0.00280195018907136283,-0.0024065053172377701,-0.00261367864732676546,-0.00307992847153315498,-0.00295568511240125323,-0.00239875393591586737,-0.00230850779638369728,-0.00295758884973866586,-0.00267403683530064319,-0.00246638722966215605,-0.00243437128871456729,-4.68171010580620184,5.00029275891706071,-5.00091408392384196,-5.00065637306995114,4.99991771110885352,-0.0000374892900826898429,0.00000128149800037492821,-0.00000312149537731720892,-0.00000115334820033743672,0.0000145860153978995359,-0.00000789267764534974579,0.000099196102418346621,-0.0000287607685348735438,0.0000350383263930122735,-0.0000206271331891030647,-5.00063279766880519,-5.00154709255989171,5.00055064035444196,4.99935526994195722,4.99961300082820248,5.00076156385513926,5.00005834824183814,4.99954267101613503,-3.92831964419636614,5.00008178710937478,-0.00300266436908677541
4/23/2014 2:56:09.575 PM,233,3316.96111947705685,3320.93625158156146,3321.30217394729697,3319.3720397237389,3318.35472096753255,3319.92500751444095,3320.01721407380318,3320.01729490341676,3320.75212480544178,3317.24030249891529,3318.81782503356089,3318.07677933890681,3319.3720397913321,3318.63263770383991,3318.9101762144146,3318.81763501513887,3317.51957448477242,3321.11915057107035,3320.29324654328365,3319.18741098403916,3320.29313133502046,3319.09504688854622,3320.47667357101727,3320.38502554420574,3321.30217394729697,3320.2011980107145,3320.7525125148386,3319.92518082572178,3320.01707267053507,3319.46428957626358,3318.63268385135234,3319.74088722427586,3320.30371868851625,3320.48751651435213,3320.39558822090248,3320.94638547928934,3321.31310420006912,3320.3038196012867,3320.48756833131483,3321.31279474120674,3318.82851629046899,3320.57930775999329,3321.86131458654745,3320.85437488971274,3320.57945160174449,3319.75151865989528,18.057607037122807,18.0407486612372132,17.6768229772986274,18.1033703792994842,18.7327899288064614,17.8388805455830308,17.5688983023757963,17.7703942879828851,16.2507143661872568,16.3285546714507497,16.2314266503828968,16.5063945354169945,16.5223966569318215,16.5236151775633253,16.5563883025699923,16.795683891481687,17.6007948481568341,17.6161595206122605,17.3940265295123346,17.3959329483834679,17.4953337389400509,17.4142738282776506,17.3809420075315586,17.4799404031824572,3321.33823835407974,3321.79504768849801,3320.69686151145879,3322.3424914519378,3320.42131343755363,3320.51317034494422,5.00043335976624448,4.99987082841716201,0.63031392937635744,-5.00016405096516614,4.99982397048368288,4.99982397873487372,-0.00250286627811589346,-0.00236384981913214699,-0.00249425754332234344,-0.00242698949535514238,-0.00289749145507812479,-0.00223693378004671557,-0.00279581045243637626,-0.00270847780013282842,-0.00270365545767082107,-0.0026464833832019561,-0.00252669198598240398,-0.0027176898668656393,-0.00268765650147663156,-0.00278089207306592493,-0.00241184476711943591,-0.00260955848458094709,-0.00307626610464798323,-0.00293889769024605627,-0.00238791917992311814,-0.0023201066508564106,-0.00295331628866301547,-0.00264382655711707789,-0.00245509466707816365,-0.00242368913491889868,-4.67904489412541569,5.00029275891706071,-5.00091408392384196,-5.00065637306995114,4.99991771110885352,-0.0000338714873425141508,0.00000113198990033118641,-0.0000162561984197693014,-0.00000380177740111229099,0.00000587744535914105868,-0.0000124430946179199606,0.00000924827121425222695,-0.0000347217473114077585,0.0000302194502171942817,-0.0000225797090271486135,-5.00063279766880519,-5.00154709255989171,5.00055064035444196,4.99935526994195722,4.99961300082820248,5.00076156385513926,5.00005834824183814,4.99954267101613503,-3.92971682601792116,5.00008178710937478,-0.00302097534512527641
4/23/2014 2:56:10.575 PM,234,3316.96151688513191,3320.93664186678415,3321.30256356457675,3319.3724328405965,3318.35511590579517,3319.92539963462286,3320.01760602733156,3320.01768685679871,3320.75251542596424,3317.24069941452171,3318.81821914463444,3318.0771747720687,3319.37243290818969,3318.63303214608231,3318.91057016014338,3318.81802912655302,3317.51997090659915,3321.11954052269948,3320.29363799712291,3319.18780443262721,3320.2935227890689,3319.09544050289287,3320.47706469215063,3320.38541683163885,3321.30256356457675,3320.20158963131689,3320.75290313465529,3319.92557294559083,3320.01746462431901,3319.46468252717613,3318.63307829351197,3319.74127967684216,3320.30407130349704,3320.4878688289782,3320.39594068581345,3320.94673704197066,3321.31345515966313,3320.30417221610287,3320.48792064585632,3321.31314570131098,3318.82887129910659,3320.57965992443996,3321.86166464099596,3320.85472660340974,3320.5798037659556,3319.75187217441089,18.0479447664169044,18.029711842452258,17.6738504337611886,18.0984974253932691,16.1987555344556142,17.8420700122081932,17.5801513479324676,17.7835433652234869,16.2496431599323401,16.3395911430330258,16.2202260141026713,16.5078355553524219,16.517364600985033,16.5201064664112493,16.5439667105987418,16.7913389632474725,17.599171930545566,17.6068513705608893,17.3816701408586773,17.3895914620872958,17.4848055723376134,17.4040491268400785,17.36645772456367,17.4752739094984513,3321.33803025386896,3321.79484003547395,3320.69665278636421,3322.34228433717498,3320.4211044450576,3320.51296144151865,5.00043335976624448,4.99987082841716201,0.63054585209872982,-5.00016405096516614,4.99982397048368288,4.99982397873487372,-0.00248348716180847974,-0.00233943461216932049,-0.0024829655101020363,-0.00242363232571040158,-0.00289169311523437486,-0.00221557297729065928,-0.00277796017942789301,-0.0026933698284955271,-0.00269053136109700377,-0.00263275079490324446,-0.00251890890906533759,-0.00270639756896969355,-0.00266125755894807553,-0.00278257061854461944,-0.00239124974614729697,-0.002588652473611426,-0.00307733429498949175,-0.00292836739816688691,-0.00234992123284995507,-0.0023027083691473404,-0.00293637863582740235,-0.00264550490590505358,-0.00244563333085914304,-0.00241041274377285387,-4.67674311346301152,5.00029275891706071,-5.00091408392384196,-5.00065637306995114,4.99991771110885352,-0.0000342027376356019683,0.00000109690126460663458,-0.0000152045063342086397,-0.00000412825427263638016,-0.00000498461089144500603,-0.0000191062596652503982,-0.000070216659829660887,-0.0000416856359614843595,0.0000303445761976936733,-0.0000243400781811365566,-5.00063279766880519,-5.00154709255989171,5.00055064035444196,4.99935526994195722,4.99961300082820248,5.00076156385513926,5.00005834824183814,4.99954267101613503,-3.93043410806915316,5.00008178710937478,-0.00303959150409775216
4/23/2014 2:56:11.575 PM,235,3316.96174870497543,3320.93686953148699,3321.30279083963296,3319.37266215714362,3318.35534628486448,3319.92562836975548,3320.01783466524648,3320.01791549462859,3320.75274328626574,3317.24093094708177,3318.81844904116087,3318.07740543983982,3319.37266222473681,3318.63326223579633,3318.91079996021517,3318.81825902327773,3317.52020215111088,3321.11976799279955,3320.2938663435425,3319.18803394269025,3320.29375113560991,3319.09567010965156,3320.47729284448541,3320.38564508098488,3321.30279083963296,3320.20181807501785,3320.75313099454524,3319.92580168054064,3320.01769326238263,3319.46491174691846,3318.63330838317824,3319.74150860587224,3320.3037709251912,3320.48756870651777,3320.39564043533892,3320.94643756002551,3321.31315619143379,3320.30387183793755,3320.48762052346819,3321.31284673264735,3318.82856888185824,3320.57935992990405,3321.86136644377984,3320.85442699282748,3320.57950377162023,3319.75157102987168,18.0403143089328495,18.0133283693812807,17.6725301602704654,18.0836401381503329,20.5219661222502623,17.831013881250751,17.5684100410175112,17.7737083062424865,16.2528901466825601,16.3308837194458825,16.2170007764787805,16.4941058195019288,16.5091130179881738,16.5177189320140663,16.536780075307302,16.7958807213841226,17.5831866845325138,17.59611700811978,17.3649945655414548,17.3799213139008124,17.4734596985327073,17.3831880808690933,17.3508516197469014,17.4530501600989964,3321.33838142187687,3321.79519044884,3320.69700500888438,3322.3426338422073,3320.42145711882585,3320.51331396497789,5.00043335976624448,4.99987082841716201,0.631307992887052194,-5.00016405096516614,4.99982397048368288,4.99982397873487372,-0.00250408700985179332,-0.00236354462904511155,-0.00249288418793068437,-0.00242836288293708184,-0.00289688110351562491,-0.00222533791569342774,-0.0027933693894608572,-0.00270908822322928501,-0.00270136637105910854,-0.00264984023811941924,-0.00252852329819818443,-0.00272684578407856844,-0.00267575408808225397,-0.00277936612263074813,-0.00240757320721410317,-0.00259933437702650986,-0.00307138294880108772,-0.002919973687089288,-0.00236060338664562325,-0.00233796278208414079,-0.00295911476440854091,-0.00264794614050574591,-0.00246028314177891691,-0.00243040363159046161,-4.67420611768119176,5.00029275891706071,-5.00091408392384196,-5.00065637306995114,4.99991771110885352,-0.000029606449006627693,0.00000115792497891020269,-0.0000153388298516677648,-0.0000046362766942135848,0.00000745097072015753034,-0.0000114073141538317356,0.0000802401986638537232,-0.0000308520722285616077,0.000032132962162880087,-0.0000209490031124058871,-5.00063279766880519,-5.00154709255989171,5.00055064035444196,4.99935526994195722,4.99961300082820248,5.00076156385513926,5.00005834824183814,4.99954267101613503,-3.93117992271846628,5.00008178710937478,-0.00299884958241208779
4/23/2014 2:56:12.575 PM,236,3316.96183480935178,3320.93695409251313,3321.30287525593257,3319.37274733171716,3318.35543185409233,3319.9257133283736,3320.01791958775447,3320.01800041710475,3320.75282791994322,3317.24101694475211,3318.81853443115687,3318.07749111630028,3319.3727473993099,3318.63334769754828,3318.91088531438481,3318.8183444133474,3317.52028804179099,3321.11985248154451,3320.29395115778015,3319.18811918914161,3320.29383594989258,3319.09575539201887,3320.47737758663333,3320.38572985916607,3321.30287525593257,3320.20190292538882,3320.75321562807039,3319.92588663909055,3320.01777818494611,3319.46499688553558,3318.63339384491246,3319.74159363651006,3320.30402559298636,3320.48782315739663,3320.39589499475369,3320.94669146785008,3321.31340966370908,3320.30412650561311,3320.48787497428611,3321.31310020529053,3318.82882527835136,3320.57961427232339,3321.861619262359,3320.85468100971547,3320.5797581138695,3319.75182634731027,18.0228126323055662,17.9962739923632782,17.6643765881145924,18.067807957573045,19.6898604966391524,17.812059986849242,17.5598781180627235,17.7623664384594413,16.2461025572098627,16.3179251734841308,16.2154652111677926,16.495920421569668,16.5062827468416273,16.5138225321212317,16.5264843456925519,16.7843719191077696,17.5753017608766662,17.5881564392357994,17.349114332920891,17.3662518386434783,17.4614629855833705,17.3667758457048542,17.3334533342262276,17.4475246038579712,3321.33850497987168,3321.79531374129783,3320.69712893793257,3322.34275681504868,3320.42158120665544,3320.51343799991764,5.00043335976624448,4.99987082841716201,0.632231716677343236,-5.00016405096516614,4.99982397048368288,4.99982397873487372,-0.00248791231435111773,-0.00235393114130349893,-0.00249181602262606074,-0.00243065186224031412,-0.00288742065429687484,-0.00223174615652024441,-0.00279001292786951877,-0.00270161054029769126,-0.00270045073641442387,-0.00264755147340296716,-0.00252348718960478851,-0.00272364121305404333,-0.00267651706329984215,-0.00280103461881025693,-0.00240803087434681741,-0.00259704539772327757,-0.00308023366877358592,-0.00293126704381187556,-0.00239890653811294843,-0.00230164005360380085,-0.002962166593748291,-0.00265999973634666303,-0.00245890972200518828,-0.00241453300309404017,-4.67247428721729019,5.00029275891706071,-5.00091408392384196,-5.00065637306995114,4.99991771110885352,-0.0000296354524885109581,0.00000120216717178028964,-0.0000211132146988027182,-0.00000459966246563144346,0.0000109795746335135778,-0.00000939524577072073449,0.0000972106237302703536,-0.0000284569952246225041,0.0000277428713592612207,-0.0000203235686642819217,-5.00063279766880519,-5.00154709255989171,5.00055064035444196,4.99935526994195722,4.99961300082820248,5.00076156385513926,5.00005834824183814,4.99954267101613503,-3.93179268696389261,5.00008178710937478,-0.00297306162449119914
4/23/2014 2:56:13.575 PM,237,3316.9626826061658,3320.93778669325047,3321.30370643166406,3319.3735859735375,3318.35627438174424,3319.92654984386035,3320.01875574769792,3320.01883657673624,3320.75366123601861,3317.24186369092149,3318.81937519406346,3318.07833469978368,3319.37358604113069,3318.63418916697764,3318.91172572453979,3318.81918517697931,3317.52113373451675,3321.12068437058542,3320.29478625167439,3319.18895853868389,3320.29467104423247,3319.09659509519542,3320.47821197072471,3320.38656459804588,3321.30370643166406,3320.20273837505965,3320.75404894264011,3319.92672315390973,3320.01861434543525,3319.4658351733251,3318.63423531416583,3319.74243086111391,3320.30454145636304,3320.48833858136913,3320.39641063858562,3320.94720579176373,3321.31392310533556,3320.30464236874922,3320.48839039813447,3321.3136136476628,3318.82934464353184,3320.58012947659062,3321.86213137980075,3320.85519555455812,3320.58027331779249,3319.75234352666348,18.0102467190814721,17.9897119493199931,17.6530201370582134,18.0655070949845822,19.5624453791928765,17.8070962897544014,17.5531645713520845,17.7529188546642373,16.239231814733774,16.3250644595985754,16.2129327873199038,16.5134112209711965,16.5035214980027334,16.5063393372887361,16.5231131310500885,16.7834391518600121,17.569846303436897,17.5731136049052488,17.3425915685815326,17.3703850882438679,17.4585943989562118,17.3584265953014203,17.3234312589966208,17.4380366149712955,3321.33862203786293,3321.79543054776832,3320.69724634739032,3322.34287331877294,3320.4216987665136,3320.5135555096781,5.00043335976624448,4.99987082841716201,0.633616844620564668,-5.00016405096516614,4.99982397048368288,4.99982397873487372,-0.00248653899114822984,-0.00236018753808772295,-0.00248113436957982407,-0.00242607390363384955,-0.00289154052734375,-0.00221557297729065928,-0.00279077576004936817,-0.00269428546314021177,-0.00270289242880025022,-0.00264709372045967683,-0.00252791286079292413,-0.00271143332343680432,-0.00267407554260355946,-0.0027789083375001954,-0.00241596377131386361,-0.00260437013149362063,-0.00307763949222992269,-0.00293477714117159868,-0.00238990300848517055,-0.00232987410725448525,-0.00295240073986109035,-0.00264687810036794277,-0.00245875711980810723,-0.00241789025142982164,-4.67080473304717181,5.00029275891706071,-5.00091408392384196,-5.00065637306995114,4.99991771110885352,-0.0000331723507792228143,0.00000101451925029681786,-0.0000199210934813529698,-0.00000460729042991938972,0.0000081667645070796698,-0.00000998254397200787359,0.0000605777025707141776,-0.0000311069975693250409,0.000028576027278196187,-0.0000219741054273797983,-5.00063279766880519,-5.00154709255989171,5.00055064035444196,4.99935526994195722,4.99961300082820248,5.00076156385513926,5.00005834824183814,4.99954267101613503,-3.93245519253003772,5.00008178710937478,-0.00299533997867137492
4/23/2014 2:56:14.575 PM,238,3316.96331845834629,3320.93841114879705,3321.30432981849617,3319.37421495972876,3318.35690628220027,3319.92717723535997,3320.01938287255006,3320.01946370135465,3320.75428622804884,3317.2424987551476,3318.82000577100962,3318.07896739208354,3319.37421502732149,3318.63482027379632,3318.91235603693257,3318.8198157544698,3317.52176800868983,3321.12130829237958,3320.29541257701976,3319.1895880556467,3320.29529736991207,3319.09722487737326,3320.47883776373692,3320.3871906571394,3321.30432981849617,3320.20336496722711,3320.75467393354165,3319.92735054490822,3320.01924147069667,3319.46646389400257,3318.63486642085263,3319.74305878443192,3320.3069771098153,3320.49077216013938,3320.39884525543857,3320.94963417652161,3321.31634732430757,3320.30707802106326,3320.49082397631946,3321.31603787015546,3318.83179683101752,3320.58256201800486,3321.86454934653375,3320.85762498244867,3320.58270585758055,3319.75478539359664,17.8704842468687914,17.9882002256682156,17.6413125853065828,18.0692442624479987,17.35092044583579,17.7989671737535389,17.5524147936450525,17.7584048937410444,16.2478456796783241,16.3256843281913291,16.2115722747576889,16.4879184676586483,16.5042932170637329,16.5020083401655491,16.5259412265045853,16.7632734970216965,17.5648729198327729,17.5642594351938968,17.3293187785980827,17.3527019157319593,17.4402238402713365,17.3478947798326963,17.3151848725840836,17.4294875731057566,3321.34100217834839,3321.79780557348249,3320.6996336350935,3322.34524218803153,3320.42408911266329,3320.51594483706867,5.00043335976624448,4.99987082841716201,0.634718477551833526,-5.00016405096516614,4.99982397048368288,4.99982397873487372,-0.00251232694906911892,-0.00235881418269606388,-0.00251363711384908683,-0.00243828179325108812,-0.002910614013671875,-0.00225661623401479574,-0.00280740550157009211,-0.00271244555025979646,-0.00270914926553893036,-0.00265914788129965711,-0.00253951117149286672,-0.00273890107507559133,-0.00268735131138959612,-0.00280408651968061008,-0.00240986154287767436,-0.00260208115219038878,-0.00307168814604151866,-0.00295186978918416309,-0.00240607884137575409,-0.00230408191770331951,-0.00297193244763549165,-0.00266823890312399906,-0.00245295823631903019,-0.00242796199643716603,-4.66961263046272989,5.00029275891706071,-5.00091408392384196,-5.00065637306995114,4.99991771110885352,-0.0000358559361029480746,0.00000101909602886958531,-0.0000174895325346212805,-0.00000393450397972255163,0.0000187052636514237433,-0.00000575399692274047954,0.000139963275511798734,-0.0000255383290477381451,0.0000316522952865714476,-0.0000194082987401980705,-5.00063279766880519,-5.00154709255989171,5.00055064035444196,4.99935526994195722,4.99961300082820248,5.00076156385513926,5.00005834824183814,4.99954267101613503,-3.93382262110760461,5.00008178710937478,-0.00300602138136050068
4/23/2014 2:56:15.575 PM,239,3316.96387482228192,3320.9389575400537,3321.30487527456898,3319.37476531554693,3318.35745918815973,3319.92772619573588,3320.01993159959511,3320.02001242819506,3320.75483308875755,3317.24305442957938,3318.8205575188258,3318.07952099095018,3319.37476538313922,3318.63537248527973,3318.91290755324917,3318.82036750276211,3317.52232299178194,3321.12185421657386,3320.29596060445192,3319.19013887591882,3320.29584539763664,3319.09777592972386,3320.47938532534908,3320.38773845158721,3321.30487527456898,3320.20391322814339,3320.75522079326265,3319.92789950484621,3320.0197901980996,3319.46701401748168,3318.63541863222053,3319.74360821017808,3320.309817607892,3320.49361023863639,3320.40168454459035,3320.95246619754743,3321.31917448702142,3320.30991851781254,3320.49366205413343,3321.31886503697614,3318.8346566117666,3320.5853988866952,3321.8673692176294,3320.8604582200187,3320.58554272437413,3319.75763313809102,17.8369209029383846,17.9847492504175825,17.6491989317046567,18.0753781549243158,14.6288047586133878,17.8001576197310811,17.5547467302990121,17.7624094570878661,16.2528445910933392,16.3380703424007727,16.2207611056751837,16.4923837311432422,16.4978683820945164,16.5015243006334522,16.5236284794873711,16.7716977388256403,17.5655656065953209,17.5681482729992346,17.3232366526557655,17.3446425581071075,17.4333811284837736,17.3312320725133944,17.3086482352817335,17.4189949179973809,3321.343870044504,3321.80066727665098,3320.70251011321033,3322.34809647304609,3320.42696927602173,3320.51882377288438,5.00043335976624448,4.99987082841716201,0.634973439965704767,-5.00016405096516614,4.99982397048368288,4.99982397873487372,-0.0024932530156956804,-0.00235683044713033436,-0.00248494924566776583,-0.00241127183747294775,-0.00289154052734375,-0.00222793172745666289,-0.00278879239638175902,-0.00270573089619877355,-0.00271098053482830012,-0.0026557910263821944,-0.0025240976270100488,-0.00271723207100499267,-0.00266629319538415864,-0.00278302840367517217,-0.00239201252470182084,-0.00260024996874780269,-0.00306909396949785543,-0.00292729910766610169,-0.00237494799317123501,-0.00233201073834156435,-0.00294934891052134026,-0.0026595420048590333,-0.00244899057919492451,-0.00242063709097727932,-4.66804427527001042,5.00029275891706071,-5.00091408392384196,-5.00065637306995114,4.99991771110885352,-0.000028618804123550193,0.00000115334820033743524,-0.0000126080937978680223,-0.00000310915824376679358,0.0000141540971853217853,-0.0000060270524500921618,0.0000989626064619471817,-0.0000287378710491762278,0.0000355586673606987674,-0.0000198857645505951463,-5.00063279766880519,-5.00154709255989171,5.00055064035444196,4.99935526994195722,4.99961300082820248,5.00076156385513926,5.00005834824183814,4.99954267101613503,-3.93447047892286328,5.00008178710937478,-0.00302433235739900169
4/23/2014 2:56:16.575 PM,240,3316.96374898083195,3320.93883395458669,3321.30475190065544,3319.37464083323129,3318.35733412896024,3319.92760202909221,3320.01980748573441,3320.0198883143812,3320.75470939709248,3317.24292874410639,3318.82043272161763,3318.07939577500428,3319.37464090082403,3318.63524758318226,3318.91278280841015,3318.82024270544616,3317.52219746270157,3321.12173073676376,3320.29583664885512,3319.19001428853607,3320.29572144197391,3319.09765128984145,3320.47926147512862,3320.38761454869563,3321.30475190065544,3320.20378921972906,3320.75509710182132,3319.92777533830121,3320.01966608415796,3319.46688958772483,3318.63529373014944,3319.74348393825994,3320.31237078060166,3320.49616123645455,3320.40423663063211,3320.95501175047684,3321.3217156729529,3320.31247168932895,3320.49621305133814,3321.32140622659835,3318.83722711712243,3320.58794879705237,3321.86990384933233,3320.86300486646541,3320.58809263302646,3319.76019282439983,17.8537626626270125,17.9828806653633464,17.6628525840434527,18.0751838068284698,17.9003730466485464,17.7889331985156147,17.54884758883858,17.7654860928309333,16.2547826990914075,16.33848523685052,16.2215568819699918,16.5107660713163753,16.5001870693613348,16.5010248014456771,16.5203102749696349,16.7815532097889139,17.5703663250549233,17.5552187121881893,17.3207304309477976,17.3607834261204878,17.4414552877237092,17.3364904663522701,17.316645751687517,17.4065223141238405,3321.34664685704137,3321.8034381217144,3320.70529526450445,3322.35086013528871,3320.42975799564783,3320.52161130391004,5.00043335976624448,4.99987082841716201,0.635048357108260575,-5.00016405096516614,4.99982397048368288,4.99982397873487372,-0.00250973289413033117,-0.00237147957130803009,-0.00250600736167320374,-0.00242775248845621995,-0.00291961669921874962,-0.00223891728315977773,-0.00280450673928666315,-0.0027113773098409971,-0.00271693216001875218,-0.00266754001859331432,-0.00253645898446656611,-0.0027324919330265411,-0.00267743263356094805,-0.00278775885002421984,-0.00241535354847024477,-0.00261322085146611883,-0.00307763949222992269,-0.00294423914274998238,-0.00240668925016407787,-0.00234345697630805811,-0.00296292955108322853,-0.00267129044637486437,-0.00246379299231177943,-0.00245695641388255165,-4.66689597978438186,5.00029275891706071,-5.00091408392384196,-5.00065637306995114,4.99991771110885352,-0.0000274678238424985167,0.000000895523007404860004,-0.0000131545462893494685,-0.00000297795725801412203,0.0000221835025435251392,-0.00000251699229123059148,0.00016871685273089546,-0.0000245812141455903974,0.0000321131251171911597,-0.0000194906730333656162,-5.00063279766880519,-5.00154709255989171,5.00055064035444196,4.99935526994195722,4.99961300082820248,5.00076156385513926,5.00005834824183814,4.99954267101613503,-3.93505104863248611,5.00008178710937478,-0.00303501376008812702
4/23/2014 2:56:17.575 PM,241,3316.96433183901354,3320.93940636526713,3321.30532333162636,3319.3752173972357,3318.35791336452439,3319.92817713121439,3320.0203823434158,3320.02046317184795,3320.75528229957717,3317.24351087995592,3318.82101074389629,3318.07997573646616,3319.37521746482798,3318.6358260912043,3318.91336058816705,3318.82082072822368,3317.522778874295,3321.12230265814378,3320.29641077361384,3319.19059133910832,3320.29629556703866,3319.09822858354118,3320.4798351118884,3320.38818842937689,3321.30532333162636,3320.20436358908864,3320.75567000327146,3319.9283504399641,3320.02024094221451,3319.46746590832799,3318.63587223805052,3319.74405952790948,3320.3133633189218,3320.49715292929568,3320.40522874651515,3320.95600132664185,3321.32270355146693,3320.31346422718525,3320.49720474394098,3321.3223941065471,3318.83822639343088,3320.58894006714763,3321.87088917991968,3320.86399486773052,3320.58908390245915,3319.76118789485281,17.8939961595284878,17.9929276482960567,17.6533458872818976,18.072754423411137,19.2326110998393247,17.7948711946019635,17.5448964631806774,17.7626014655675917,16.2541784525030657,16.319147378529518,16.2125744789793416,16.5103900173750304,16.5024761704436464,16.501562229387094,16.5140680255697987,16.7758474294991515,17.5718965595060688,17.5598689866255491,17.3333750862930849,17.3537904222651029,17.4387994946458242,17.33200777630773,17.3168826023825844,17.4110206297552388,3321.34853274264924,3321.80531995439378,3320.70718681354537,3322.35273708961176,3320.431651968192,3320.52350446919263,5.00043335976624448,4.99987082841716201,0.634776915974641809,-5.00016405096516614,4.99982397048368288,4.99982397873487372,-0.00248257161300655506,-0.00234309689321374453,-0.00249364716314827255,-0.00243706100428936435,-0.00289611816406249974,-0.00223662862572162865,-0.00278513080191848022,-0.00269947405946009298,-0.00269846686135093985,-0.00264678855183081646,-0.00252959156365738973,-0.00272058924064973347,-0.00267377035251652401,-0.00278470694915386669,-0.00240345420301967547,-0.00260467532873405201,-0.00307245113914259623,-0.0029501910469686434,-0.00237418498218583017,-0.00231598600518847326,-0.00295789403267264061,-0.00265130283808169727,-0.00245646808685189228,-0.00245344656334968913,-4.66613904806655277,5.00029275891706071,-5.00091408392384196,-5.00065637306995114,4.99991771110885352,-0.0000279440915450026597,0.00000143405728613384838,-0.0000115274000437650497,-0.00000409926800834218593,0.0000224963761604100845,-0.00000201817018260489254,0.000139088810263322387,-0.0000249368884234220148,0.0000307535245242038783,-0.0000191657522103158489,-5.00063279766880519,-5.00154709255989171,5.00055064035444196,4.99935526994195722,4.99961300082820248,5.00076156385513926,5.00005834824183814,4.99954267101613503,-3.93640016752144461,5.00008178710937478,-0.00297565567942998646
4/23/2014 2:56:18.575 PM,242,3316.96439145133945,3320.93946490926873,3321.30538177544622,3319.37527636594131,3318.35797260641402,3319.92823595043319,3320.0204411376394,3320.02052196604927,3320.75534089386928,3317.24357041841858,3318.82106986171993,3318.08003505258375,3319.3752764335336,3318.63588525869863,3318.9134196811915,3318.82087984609825,3317.52283833869796,3321.12236115211135,3320.29646949289144,3319.19065035756875,3320.29635428634719,3319.09828762686311,3320.4798937812643,3320.38824712369569,3321.30538177544622,3320.2044223333778,3320.75572859745761,3319.92840925913606,3320.02029973647586,3319.46752485214438,3318.63593140553212,3319.74411839698132,3320.31192675203692,3320.49571758613956,3320.40379279105718,3320.95456904711636,3321.32127372908462,3320.31202766097203,3320.49576940112956,3321.32096428208797,3318.83678007412845,3320.58750533586408,3321.86946304535104,3320.86256197292459,3320.58764917213511,3319.75974766301487,18.0228927019108163,17.9802217731826772,17.660193461405342,18.0731345864079955,19.5530079983523244,17.7839926080176873,17.5343217914027001,17.7593307290841089,16.2451183863119262,16.3226497727900721,16.2188190348274794,16.5122925526954489,16.5002673411128846,16.5011050120737543,16.5158200623605715,16.7590209935774048,17.5662963054931964,17.5575409255010761,17.3319598083183024,17.3500923239586981,17.4281747158077387,17.33439831476419,17.3115099185608017,17.4095294529366207,3321.34740771549695,3321.80419734503857,3320.70605840784037,3322.3516173904668,3320.4305221167333,3320.52237509931001,5.00043335976624448,4.99987082841716201,0.633989904525959713,-5.00016405096516614,4.99982397048368288,4.99982397873487372,-0.0024973729853043432,-0.00236537576956732379,-0.00250249767567229742,-0.00243507722222656301,-0.00290252685546874998,-0.00223113584787007144,-0.00279184372510115795,-0.00270817258858459991,-0.00269938249599562452,-0.00263961708905260028,-0.0025198245651732276,-0.00272440420615512047,-0.00267697484843039488,-0.00279233670132974978,-0.00241108198856491204,-0.00260223375081060403,-0.00308053886601401686,-0.00293889769024605627,-0.00237296416460918216,-0.0023330790538851039,-0.00296369250841816605,-0.00266106777648446617,-0.00245967273299059312,-0.00242857240522548982,-4.66480071830209919,5.00029275891706071,-5.00091408392384196,-5.00065637306995114,4.99991771110885352,-0.0000312459089825554138,0.00000148287625757670278,-0.0000167767020499234175,-0.00000352411950103105665,0.0000196744087573844212,-0.00000484635424802399299,0.0000924216674480387614,-0.0000286020126340388295,0.0000269768562103503178,-0.0000203983157080821036,-5.00063279766880519,-5.00154709255989171,5.00055064035444196,4.99935526994195722,4.99961300082820248,5.00076156385513926,5.00005834824183814,4.99954267101613503,-3.93791010650867923,5.00008178710937478,-0.00301441391204481345
4/23/2014 2:56:19.575 PM,243,3316.96456365939184,3320.93963403055431,3321.30555060727192,3319.37544671434716,3318.35814374414576,3319.92840586691863,3320.0206109819037,3320.02069181025035,3320.75551016046074,3317.24374241305395,3318.82124064098025,3318.08020640478571,3319.37544678193944,3318.63605618147448,3318.91359038879773,3318.8210506255059,3317.52301011934832,3321.12253012883093,3320.29663912061005,3319.19082084973388,3320.29652391415629,3319.09845819086149,3320.48006326480162,3320.38841667930046,3321.30555060727192,3320.20459203336486,3320.75589786374348,3319.92857917548599,3320.02046958085111,3319.46769512863647,3318.63610232827204,3319.7442884575089,3320.31140436453279,3320.49519564362935,3320.40327062589085,3320.9540482186594,3321.32075379413845,3320.31150527371164,3320.49524745874532,3321.32044434638646,3318.83625414027346,3320.58698361585447,3321.86894445143434,3320.86204092072785,3320.58712745247385,3319.75922394279359,18.0110439638361512,17.9875394073762997,17.6481089198005527,18.0689650007879372,17.6574782114072377,17.7846908442586375,17.5213269974774626,17.7544017727656715,16.2369862138871106,16.3265472572400867,16.2195943451110551,16.4845185554184859,16.4988340387540262,16.4923602989264104,16.5043315336260967,16.7694651405027564,17.5616232351212211,17.5430516191406127,17.3281225467748641,17.3482344533665937,17.4188575398373686,17.3283538994322015,17.3072170111255268,17.4138353776483008,3321.34647777800637,3321.80326940605073,3320.70512567770674,3322.35069185700058,3320.42958819156729,3320.52144157220573,5.00043335976624448,4.99987082841716201,0.634509899682436762,-5.00016405096516614,4.99982397048368288,4.99982397873487372,-0.00249752557677133079,-0.0023604927281747584,-0.00249181602262606074,-0.00242470051605191009,-0.00289581298828125002,-0.00223098327070752819,-0.00278909752925369896,-0.00270679913661757247,-0.00270045073641442387,-0.0026599108028718078,-0.00252730242338766427,-0.00272165743099124198,-0.00268567276591090204,-0.00279126853602512616,-0.00241260754567395935,-0.0026017759549499574,-0.00307901287981186215,-0.00293798201267395434,-0.00240394241061662063,-0.00231842786928799192,-0.00296125104494636589,-0.00265694819309579815,-0.00246745544504172257,-0.00241758504703565953,-4.66299211093679133,5.00029275891706071,-5.00091408392384196,-5.00065637306995114,4.99991771110885352,-0.0000365352281786350731,0.00000144168525042179421,-0.0000150396547445997115,-0.00000322205211522839447,0.0000196713563318538367,-0.00000529636196069855389,0.000100919088920143778,-0.0000288859414566855312,0.0000268318931841619988,-0.0000212739239354556544,-5.00063279766880519,-5.00154709255989171,5.00055064035444196,4.99935526994195722,4.99961300082820248,5.00076156385513926,5.00005834824183814,4.99954267101613503,-3.93798120913277527,5.00008178710937478,-0.00300541101549255075
4/23/2014 2:56:20.575 PM,244,3316.96506041337124,3320.9401218803996,3321.30603762213559,3319.37593810396265,3318.35863741066214,3319.9288960106096,3320.02110091726399,3320.02118174542829,3320.75599842945803,3317.24423855140867,3318.82173327344526,3318.08070068996585,3319.37593817155493,3318.63654922792557,3318.91408281456779,3318.8215432583961,3317.52350564043854,3321.12301756165834,3320.29712843131938,3319.19131265403848,3320.2970132251271,3319.09895020237763,3320.48055215960221,3320.38890578198879,3321.30603762213559,3320.20508155254128,3320.75638613185856,3319.92906931878542,3320.02095951653109,3319.46818631080714,3318.63659537462035,3319.74477901670707,3320.31107787053042,3320.49486942773955,3320.40294427084518,3320.953722699031,3321.32042883293706,3320.31117877986207,3320.49492124293419,3321.32011938471305,3318.83592542987071,3320.58665753902323,3321.86862032835051,3320.8617152612669,3320.58680137586088,3319.75889661586916,18.0148735077241255,17.9731877504015109,17.6323099825007894,18.0660261886943338,15.1663359525585584,17.7738400399626286,17.519832942786536,17.7440117650429094,16.2530765679873603,16.3241377158131726,16.2137576467797757,16.4955091341861504,16.4945966656847034,16.492387913372287,16.5055017926109109,16.7664475738335241,17.5607789953704909,17.5455554603322952,17.3122817550230543,17.3417582841603064,17.4171759421546213,17.3294122588128054,17.3038609933114422,17.4107845010542945,3321.34602256190373,3321.80281516820969,3320.7046690946122,3322.35023879665595,3320.42913102350803,3320.52098459899616,5.00043335976624448,4.99987082841716201,0.635422027336609241,-5.00016405096516614,4.99982397048368288,4.99982397873487372,-0.00248791231435111773,-0.00236247646374048792,-0.00249791982436676748,-0.00242729469259557332,-0.00289413452148437481,-0.00222350698974290838,-0.0027839102704307209,-0.00269184377075438542,-0.00270426588076727766,-0.00264373686554221412,-0.00251967195582191274,-0.00271845285996671687,-0.00267056585660265314,-0.00277661941184743043,-0.00240711554008138937,-0.00260406493425318969,-0.00307763949222992269,-0.00294210256174841194,-0.00239081862166765644,-0.00232651654411764747,-0.00295880958147456573,-0.00264245336265418827,-0.00245311083851611081,-0.00241727984264149785,-4.66238033793314965,5.00029275891706071,-5.00091408392384196,-5.00065637306995114,4.99991771110885352,-0.0000319358865515678267,0.00000158509097903517926,-0.0000127134156467848382,-0.00000333799717240517394,0.0000224765353944612816,-0.00000506144268018369876,0.0000908711322081575259,-0.0000289607399099634248,0.0000310693913286352647,-0.0000204700118521353371,-5.00063279766880519,-5.00154709255989171,5.00055064035444196,4.99935526994195722,4.99961300082820248,5.00076156385513926,5.00005834824183814,4.99954267101613503,-3.93802484722395851,5.00008178710937478,-0.00298801558825597486
4/23/2014 2:56:21.575 PM,245,3316.96512002362487,3320.9401804221361,3321.30609606367261,3319.37599707048002,3318.35869665041309,3319.92895482761332,3320.02115970926752,3320.02124053740954,3320.75605702149368,3317.24429808778586,3318.82179238910703,3318.08076000395749,3319.37599713807185,3318.63660839326712,3318.91414190542627,3318.8216023741088,3317.52356510274239,3321.12307605335172,3320.29718714836326,3319.19137167031931,3320.29707194220191,3319.0990092435245,3320.48061082673575,3320.38896447406978,3321.30609606367261,3320.20514029460173,3320.75644472378871,3319.92912813574184,3320.02101830857282,3319.46824525243073,3318.63665453994963,3319.74483788357247,3320.31081667488979,3320.49460845458725,3320.4026831863689,3320.95346228288235,3321.32016886352539,3320.31091758434331,3320.49466026984419,3321.31985941492439,3318.8356624611265,3320.58639667711622,3321.86836102942697,3320.86145473325314,3320.58654051412804,3319.75863475389724,18.0141957888576805,17.9789008455311467,17.6456326284290839,18.0605569491163891,18.5877992033939066,17.7718689564104224,17.5145906840524894,17.7460716303228416,16.2384669352226965,16.3169863974420401,16.2083570151678877,16.4834111197374682,16.4930802718757867,16.4809706153615814,16.4989576270784504,16.7537394674771072,17.5569720369022235,17.5345194063663321,17.3132694459474798,17.3374182038127458,17.4151187595724508,17.3274313557529318,17.3064463904390138,17.4021835187168179,3321.34521618063172,3321.80201051987978,3320.7038602917828,3322.34943623420213,3320.42832118444266,3320.52017510509813,5.00043335976624448,4.99987082841716201,0.635813702092089428,-5.00016405096516614,4.99982397048368288,4.99982397873487372,-0.00248623380821425509,-0.00235332076112942804,-0.00249456273340937845,-0.00242515831191255672,-0.00289733886718749993,-0.00223357708247076377,-0.00278253717250699162,-0.00268696038598273271,-0.00268885269758174783,-0.00262878360272806103,-0.00252226631479426835,-0.00271097552757615812,-0.00267071845164617086,-0.00278745365993718439,-0.00240345420301967547,-0.0025903310584337964,-0.00306253222882858995,-0.00291219042772642399,-0.00238532494257274151,-0.00229629847588610396,-0.00295270592279506554,-0.00266259354810989861,-0.00244929578358908662,-0.00242307872613057489,-4.66182320932454352,5.00029275891706071,-5.00091408392384196,-5.00065637306995114,4.99991771110885352,-0.0000310108281293963186,0.00000190851666484409027,-0.0000112679114304917368,-0.00000425030170124351681,0.0000104072448465289233,-0.00000985288073276266014,0.0000133794709134239733,-0.0000349858316464501221,0.0000289193607612737855,-0.0000223691969446093284,-5.00063279766880519,-5.00154709255989171,5.00055064035444196,4.99935526994195722,4.99961300082820248,5.00076156385513926,5.00005834824183814,4.99954267101613503,-3.9388178093214381,5.00008178710937478,-0.00299106741759572496
4/23/2014 2:56:22.575 PM,246,3316.96541145585342,3320.94046663090648,3321.30638178261506,3319.37628535579597,3318.35898627143387,3319.92924238202886,3320.0214471414697,3320.0215279695044,3320.75634347615232,3317.24458915886862,3318.8220814035194,3318.08104998790759,3319.37628542338779,3318.63689765053777,3318.91443079858481,3318.82189138877083,3317.52385581171756,3321.1233620174853,3320.29747421412457,3319.19166019890553,3320.29735900811647,3319.09929789366833,3320.48089764851101,3320.38925141779918,3321.30638178261506,3320.20542748265643,3320.75673117792985,3319.92941568992773,3320.02130574096281,3319.46853341605265,3318.6369437971598,3319.74512568173804,3320.31043794508332,3320.49423004740674,3320.40230461776036,3320.95308468340408,3321.31979191185337,3320.31053885471374,3320.49428186275508,3321.31948246270485,3318.83528116017214,3320.58601843125143,3321.86798505001797,3320.86107697156103,3320.58616226851609,3319.75825505785451,18.0150916186768697,17.9767537251733493,17.6442462767865074,18.0628219518943283,19.3975267991685456,17.7612778862934242,17.5114548858681545,17.739439222646503,16.2258124826200856,16.3203202986557159,16.2132906762888886,16.479511340148921,16.4881128204212288,16.4842288372580761,16.4952083695719729,16.7681887734412314,17.553223299129197,17.5309233020255917,17.3083017156194714,17.3380073169815851,17.4163168072914445,17.3248995105196393,17.3048283219666565,17.4000330724727838,3321.34465691515834,3321.8014524562709,3320.70329934686151,3322.34887961723234,3320.42775952085003,3320.51961368089269,5.00043335976624448,4.99987082841716201,0.635904792792916007,-5.00016405096516614,4.99982397048368288,4.99982397873487372,-0.00249859371704024306,-0.00236384981913214699,-0.00249944577480194384,-0.00242576870639341861,-0.00290420532226562476,-0.00223586573990891243,-0.00279520018669249639,-0.00270389962690940379,-0.00271067532328007205,-0.00264495754005765514,-0.00252882851690081458,-0.00273279713026697204,-0.00267636446825632443,-0.00279569379228713838,-0.00240681042865957973,-0.00261093187216288655,-0.00306680499019462358,-0.00294866491768180743,-0.00239326025682095201,-0.0023202592673626306,-0.00296048808761142836,-0.00266442447406041753,-0.00245509466707816365,-0.00241987407999187448,-4.65983998411588196,5.00029275891706071,-5.00091408392384196,-5.00065637306995114,4.99991771110885352,-0.000035655964727858197,0.00000237229689355120731,-0.0000122448097392853857,-0.00000568283339451977738,0.0000060468549760885156,-0.0000112578200662313719,0.00000648142043678699814,-0.0000355094208193953843,0.0000383953648942154369,-0.0000226483542714549021,-5.00063279766880519,-5.00154709255989171,5.00055064035444196,4.99935526994195722,4.99961300082820248,5.00076156385513926,5.00005834824183814,4.99954267101613503,-3.93946871875146476,5.00008178710937478,-0.00303165674781440174
4/23/2014 2:56:23.575 PM,247,3316.96584859833456,3320.9408959376542,3321.30681035457018,3319.37671777757896,3318.35942069691464,3319.92967370738551,3320.02187828349315,3320.02195911136732,3320.75677315175835,3317.24502575959331,3318.82251491902343,3318.0814849578187,3319.37671784517124,3318.63733153035445,3318.91486413219536,3318.82232490464866,3317.52429186924246,3321.12379095725282,3320.29790480644851,3319.19209298562009,3320.29778960067005,3319.09973086273066,3320.48132787483109,3320.38968182706276,3321.30681035457018,3320.20585825843363,3320.75716085275962,3319.92984701494015,3320.02173688326729,3319.46896565528277,3318.63737767688553,3319.74555737274522,3320.31063384041226,3320.49442577586296,3320.40250042971229,3320.95327999409028,3321.31998688747353,3320.31073474995128,3320.49447759116401,3321.31967743860786,3318.83547838538197,3320.58621407626969,3321.86817952275168,3320.86127236614993,3320.58635791340384,3319.75845145295215,18.008185737435209,17.9721266456382231,17.6314768719886103,18.06641052635322,18.6208342504483433,17.7656280099352664,17.514131334364869,17.7432553694806962,16.2404431621273701,16.3235326075802227,16.2071356878802497,16.4969595259742228,16.4862228751303057,16.4840143421285568,16.4943842603721968,16.7715525694009813,17.5550900894961543,17.5429866234124638,17.3077329866700111,17.338580210496243,17.4206194662496223,17.3312576057329721,17.302585557398146,17.405095510462413,3321.34479348314562,3321.801588730822,3320.70343632488766,3322.34901553858526,3320.42789667434044,3320.51975077593624,5.00043335976624448,4.99987082841716201,0.63579920692194114,-5.00016405096516614,4.99982397048368288,4.99982397873487372,-0.00250286627811589346,-0.00236766469522008876,-0.00251058521297873368,-0.00243965518083302758,-0.0029077148437499996,-0.00224151109492301331,-0.00280023487907950447,-0.0027154976657420794,-0.0027099122944095012,-0.00266570900682015256,-0.00254057943695207159,-0.0027320341371658949,-0.00268582536095441976,-0.00279264189141678523,-0.00241779443984472056,-0.0026144416404278426,-0.00309701951699728906,-0.00295171717625547937,-0.00239905914031002905,-0.00233918371413390034,-0.00295545256920084045,-0.00266167808513463914,-0.002465013809888427,-0.00242552036128387046,-4.65738602339244068,5.00029275891706071,-5.00091408392384196,-5.00065637306995114,4.99991771110885352,-0.0000390997465767342986,0.00000256604718646503627,-0.0000166149032675294685,0.00000159577012903830515,-0.0000117335237395680324,-0.000022128175864600581,-0.00014085452805125801,-0.0000469138951957045073,0.00003936280235319853,-0.0000278226802422756099,-5.00063279766880519,-5.00154709255989171,5.00055064035444196,4.99935526994195722,4.99961300082820248,5.00076156385513926,5.00005834824183814,4.99954267101613503,-3.93963426885263201,5.00008178710937478,-0.00299671330187426281
4/23/2014 2:56:24.575 PM,248,3316.96653743260094,3320.94157242504752,3321.30748568414082,3319.37739917337694,3318.36010524996527,3319.93035337552828,3320.02255766275584,3320.02263849037672,3320.75745022036608,3317.24571374020615,3318.82319803821201,3318.08217036873702,3319.37739924096831,3318.63801522359517,3318.91554696477169,3318.8230080244266,3317.52497899392847,3321.12446686638986,3320.2985833195421,3319.19277495644428,3320.29846811412562,3319.10041312088424,3320.48200581120636,3320.39036005170464,3321.30748568414082,3320.20653706059647,3320.75783792014453,3319.93052668253994,3320.02241626297291,3319.4696467634285,3318.63806136998346,3319.74623761704833,3320.31098645184602,3320.49477808692518,3320.40285289106759,3320.95363155316499,3321.32033784342729,3320.31108736122041,3320.49482990214119,3321.3200283950714,3318.83583339060805,3320.58656623714387,3321.86852957350856,3320.86162407624897,3320.58671007404245,3319.75880496397167,17.956621386421908,17.9695342864004459,17.6406024576308411,18.062754396545337,20.7123507796808397,17.7692742584545229,17.5261455976946188,17.7507778393146118,16.2478222002890114,16.3388336722364222,16.2238854280942917,16.4828699612410645,16.489720739481438,16.4858365770392901,16.5026820597275616,16.7595176473619176,17.5623668270036894,17.5480564725670867,17.3121955426082792,17.3506521601428147,17.4201341530994114,17.3300109838538212,17.3165601181462492,17.412219784033482,3321.34538526022652,3321.80217923611053,3320.70402987912984,3322.34960451306642,3320.42849098906754,3320.5203448373486,5.00043335976624448,4.99987082841716201,0.63614770132845333,-5.00016405096516614,4.99982397048368288,4.99982397873487372,-0.0025031714610498682,-0.00236720691008953559,-0.00249425754332234344,-0.00243172005258182264,-0.00291091918945312472,-0.00222732141880648991,-0.00279596301887234623,-0.00269749018439660896,-0.00271220138102121373,-0.00265182383420701096,-0.00253966378084418158,-0.00272577759373705993,-0.00268063712947481892,-0.00278546992437145487,-0.00241001409858857896,-0.00261184746388417937,-0.00308938958598651507,-0.00292470468787848006,-0.00241126731607650734,-0.00231293367506407461,-0.00295056964225724056,-0.00264947191213117835,-0.00245097440775697735,-0.00244444303372191169,-4.65395731656090294,5.00029275891706071,-5.00091408392384196,-5.00065637306995114,4.99991771110885352,-0.0000383914510191640384,0.0000021144717006186323,-0.000021983264755072059,0.00000314882365806411265,-0.0000191738109703685202,-0.0000255253527328251436,-0.000136437944405375837,-0.0000489471919256260376,0.0000402417360698771788,-0.0000270553789559186481,-5.00063279766880519,-5.00154709255989171,5.00055064035444196,4.99935526994195722,4.99961300082820248,5.00076156385513926,5.00005834824183814,4.99954267101613503,-3.93912190273307505,5.00008178710937478,-0.00302234866832816387
4/23/2014 2:56:25.575 PM,249,3316.96731236799314,3320.94233346991313,3321.30824542642858,3319.37816574031421,3318.36087536888817,3319.93111799881307,3320.02332196104316,3320.02340278837937,3320.75821191911291,3317.24648771521833,3318.82396654400508,3318.08294145278114,3319.37816580790604,3318.63878437521134,3318.91631514811933,3318.82377653088315,3317.52575200600222,3321.12522726070392,3320.2993466433686,3319.19354217030058,3320.29923143835958,3319.10118065799224,3320.48276848621162,3320.39112305101707,3321.30824542642858,3320.20730070963372,3320.7585996175153,3319.93129130521447,3320.02318056175954,3319.47041300675073,3318.63883052143864,3319.74700288852773,3320.31415995466795,3320.49794888640053,3320.40602504318303,3320.9567955847533,3321.32349644692431,3320.31426086255896,3320.49800070085393,3321.32318700315636,3318.83902843756141,3320.58973568492729,3321.8716800302318,3320.8647894670571,3320.58987951970675,3319.76198656306678,17.8637969651331829,17.9647677247765394,17.6378142010752583,18.065823983317749,19.8592936676595428,17.7792670609355099,17.5282275248179218,17.7568894970664068,16.2594983514647104,16.3454101628121968,16.2242937730879433,16.4944696696349737,16.4977449088299615,16.4870060338288233,16.5063647610111772,16.7602301662909987,17.5589183731421379,17.5435430068803839,17.3242749620748988,17.3606743242206924,17.4271126294432079,17.334782425716611,17.3303875175967654,17.4105221803925119,3321.34830513644965,3321.80509283735,3320.70695852381504,3322.35251056134575,3320.43142338596453,3320.52327598439524,5.00043335976624448,4.99987082841716201,0.636561347710263625,-5.00016405096516614,4.99982397048368288,4.99982397873487372,-0.0024961522535684429,-0.00236354462904511155,-0.00250112432028063835,-0.0024428597518575527,-0.00291030883789062484,-0.00224227398073572953,-0.00279901434759174516,-0.00271015646364808393,-0.00271098053482830012,-0.0026599108028718078,-0.0025338646254942105,-0.00273050815096373975,-0.00268262086504054888,-0.0028066806354204105,-0.00241474332562662594,-0.00260940588596073183,-0.00306512640537225318,-0.00293706633510185285,-0.00237403237998874911,-0.00233262120436644391,-0.00297422131964030423,-0.00267052756056214815,-0.00246699763845047984,-0.00243803374144451043,-4.65167598938714288,5.00029275891706071,-5.00091408392384196,-5.00065637306995114,4.99991771110885352,-0.0000348896622065213998,0.00000257825192932574977,-0.0000163508354434336861,0.00000440591217271761493,-0.0000149355181211515024,-0.0000229763259942516177,-0.0000543343564424128765,-0.0000430793295909275674,0.000035824178587612107,-0.000025389587694086037,-5.00063279766880519,-5.00154709255989171,5.00055064035444196,4.99935526994195722,4.99961300082820248,5.00076156385513926,5.00005834824183814,4.99954267101613503,-3.93852363365779734,5.00008178710937478,-0.00305546101666445301
4/23/2014 2:56:26.575 PM,250,3316.96744483535803,3320.94246356280837,3321.30837529665859,3319.37829677716172,3318.36100701291752,3319.93124870340898,3320.02345261008349,3320.02353343737058,3320.75834212378322,3317.24662001841397,3318.82409791228383,3318.0830732617901,3319.37829684475309,3318.63891585388773,3318.91644646127861,3318.82390789927512,3317.5258841445916,3321.12535724239251,3320.29947712583316,3319.1936733177331,3320.29936192089326,3319.10131186068201,3320.48289885776557,3320.39125347800836,3321.30837529665859,3320.20743124769023,3320.75872982195051,3319.93142200970578,3320.02331121088491,3319.47054398827867,3318.6389620000873,3319.74713370392737,3320.31662169918763,3320.50040853385371,3320.40848573991934,3320.95924998215241,3321.32594663358986,3320.31672260592859,3320.50046034771548,3321.32563719338077,3318.84150689451325,3320.59219428383176,3321.87412389719884,3320.86724491884388,3320.59233811696776,3319.7644545881094,17.8764534926894676,17.9691367485064006,17.6476622200473301,18.0691270292766326,21.2260178907100396,17.7808973277588969,17.5211858641576583,17.7555545094046003,16.2476561044795744,16.3533628031301639,16.225392672063645,16.5006695313985929,16.4973962075217493,16.4941212631298093,16.5152330261736715,16.7733580931913941,17.5617551018257565,17.5485862403148829,17.3394438846540026,17.3635112340017628,17.4336790570680158,17.3419586883014887,17.3305607977782827,17.4157941297297221,3321.35029506889623,3321.80707849323062,3320.70895443219797,3322.35449106968735,3320.43342185157826,3320.52527359820305,5.00043335976624448,4.99987082841716201,0.636813258509366764,-5.00016405096516614,4.99982397048368288,4.99982397873487372,-0.0024931004242286928,-0.0023688854555682301,-0.00250142951036767336,-0.00243080446086052938,-0.00290130615234374979,-0.00222091317797967324,-0.00279886178115577519,-0.00270939343477751308,-0.00270396066921904914,-0.00265548585775333404,-0.00252653937663108912,-0.00273218673578611016,-0.00267987415425723075,-0.00279615157741769154,-0.00240558998297234206,-0.00262420795212163363,-0.0030681783777765626,-0.00293935552903210702,-0.00239738051614213832,-0.00233201073834156435,-0.00295346888013000306,-0.00265588015295799502,-0.00245173741874238219,-0.0024262833722692753,-4.65039703579494823,5.00029275891706071,-5.00091408392384196,-5.00065637306995114,4.99991771110885352,-0.0000301437766709913407,0.00000359124558676498003,-0.00000967281966066460971,0.00000620153496610010558,-0.0000150041976955896612,-0.0000229625969453903573,-0.0000538551555907173038,-0.0000427511322959327244,0.0000346171706537704228,-0.0000247916113436845891,-5.00063279766880519,-5.00154709255989171,5.00055064035444196,4.99935526994195722,4.99961300082820248,5.00076156385513926,5.00005834824183814,4.99954267101613503,-3.93835289581152459,5.00008178710937478,-0.00299488220427041258
4/23/2014 2:56:27.575 PM,251,3316.96730574616049,3320.94232696694734,3321.3082389346091,3319.37815919009381,3318.360868788272,3319.93111146522505,3320.02331543023683,3320.02339625757486,3320.75820541055145,3317.24648110160387,3318.82395997719322,3318.08293486390584,3319.37815925768563,3318.63877780287293,3318.91630858406688,3318.82376996406583,3317.52574540062823,3321.12522076330515,3320.29934012090098,3319.19353561454454,3320.29922491588831,3319.10117409946997,3320.482761969296,3320.39111653132658,3321.3082389346091,3320.20729418438304,3320.75859310896567,3319.9312847716319,3320.02317403094821,3319.47040645929973,3318.6388239491016,3319.74699634939315,3320.31500883363014,3320.49879704224349,3320.40687356084436,3320.95764193025161,3321.32434134046025,3320.31510974112461,3320.49884885649316,3321.32403189791966,3318.83988307937215,3320.59058347920563,3321.87252274458387,3320.86563617613364,3320.59072731341848,3319.76283760770411,18.0089277693615486,17.9555965951032377,17.6387619338097465,18.0625123400498673,21.1119300689322138,17.7778566506633488,17.5102331107016944,17.745062607423133,16.2484191024622468,16.3462067037711769,16.2139708337240655,16.4875005751745682,16.4983125810674487,16.4836133306690691,16.5125695428813728,16.7742739436602122,17.5704237165615353,17.5542108505329821,17.3420257905278916,17.3660162155988438,17.429866967182047,17.3532178215963739,17.3302498962405345,17.4185267634524337,3321.34921556470089,3321.80600130902439,3320.70787168612423,3322.35341667796365,3320.43233771823543,3320.52418992695538,5.00043335976624448,4.99987082841716201,0.636947682139899718,-5.00016405096516614,4.99982397048368288,4.99982397873487372,-0.00248898045462003,-0.00235271038095535758,-0.00249364716314827255,-0.00242714209397535807,-0.00288894653320312476,-0.00223037296205735522,-0.00279397965520473707,-0.00269733757862249514,-0.00269724601515802624,-0.0026458730459442358,-0.00253004939171133474,-0.00270746575931120163,-0.00267148142686375904,-0.00279081075089457299,-0.00240497976012872278,-0.0025979609894445704,-0.00307474011844582852,-0.00292241549394822589,-0.00237647401514204468,-0.00230087697107270129,-0.00294156674570497743,-0.00264870902631846213,-0.00243724021001968938,-0.00240690289323999135,-4.65022913402249127,5.00029275891706071,-5.00091408392384196,-5.00065637306995114,4.99991771110885352,-0.0000257459329180604625,0.00000449592215131537664,-0.00000978119431679640471,0.00000730148741642192023,-0.00000489609055105804605,-0.0000176067424396263561,0.0000486282036255664978,-0.0000350239941226123143,0.0000270272117878683645,-0.0000224744529858789726,-5.00063279766880519,-5.00154709255989171,5.00055064035444196,4.99935526994195722,4.99961300082820248,5.00076156385513926,5.00005834824183814,4.99954267101613503,-3.93837608808376194,5.00008178710937478,-0.00296772092314663604
4/23/2014 2:56:28.575 PM,252,3316.96724613608194,3320.94226842540183,3321.3081804932649,3319.37810022376106,3318.36080954870158,3319.93105264840869,3320.02325663842066,3320.02333746578096,3320.75814681870588,3317.24642156540267,3318.82390086171335,3318.08287555009337,3319.37810029135289,3318.63871863771282,3318.9162494933912,3318.82371084853457,3317.52568593850128,3321.12516227180322,3320.29928140404536,3319.19347659844697,3320.29916619900132,3319.10111505850636,3320.48270330235163,3320.39105783943432,3321.3081804932649,3320.20723544251041,3320.75853451722605,3319.93122595486193,3320.02311523909384,3319.47034751786122,3318.63876478395377,3319.74693748271374,3320.31459745455276,3320.49838601360443,3320.40646235686063,3320.95723177894206,3321.32393189280128,3320.31469836223914,3320.49843782795278,3321.32362244966543,3318.83946890750166,3320.590172625788,3321.87211435300105,3320.86522584862677,3320.59031646027551,3319.76242517909668,18.0012031436485529,17.9490850943292557,17.6227386492565898,18.0544817902539094,20.0034127730636513,17.7718026225506342,17.5226647941994997,17.7482118591920042,16.2410661823314477,16.3488273844917558,16.2123270388512175,16.5068691365372864,16.5035995056939981,16.4853969571997858,16.5152674928058296,16.7622762079928833,17.5815080379926201,17.5735891143092466,17.3403255602567405,17.3726875284009843,17.4424002747661753,17.3601190483528853,17.3360839518581535,17.4246646403175482,3321.34829212981731,3321.80507985866188,3320.70694547813445,3322.35249761629302,3320.43141032357471,3320.52326292757106,5.00043335976624448,4.99987082841716201,0.636557075449588283,-5.00016405096516614,4.99982397048368288,4.99982397873487372,-0.00249950926584216818,-0.00235606747191274618,-0.00249166342758254302,-0.00242744729121578901,-0.00289367675781249979,-0.00222396472123053855,-0.0027871141655860898,-0.00270512047310231697,-0.00270151897683322279,-0.00264266877534120306,-0.00252577632987451397,-0.00271585868342305364,-0.00267407554260355946,-0.00278363878384924306,-0.00240482720441781818,-0.00260498052597448295,-0.00306497380675203749,-0.00293966075488947404,-0.00238517234037566046,-0.00231064442747077594,-0.00295774144120565345,-0.00266091519932192292,-0.00245723109783729755,-0.00241880586461230753,-4.65062538220548926,5.00029275891706071,-5.00091408392384196,-5.00065637306995114,4.99991771110885352,-0.0000296095020047206676,0.00000594981214459788604,-0.00000930190358404452103,0.00000966920753140036115,0.00000189250382896258243,-0.0000140936313810178388,0.0000698336043717768477,-0.0000309085526932816472,0.0000253044406661145606,-0.0000215317249640726038,-5.00063279766880519,-5.00154709255989171,5.00055064035444196,4.99935526994195722,4.99961300082820248,5.00076156385513926,5.00005834824183814,4.99954267101613503,-3.93834282548279013,5.00008178710937478,-0.00299930735681305013
4/23/2014 2:56:29.575 PM,253,3316.96793496922691,3320.94294491156915,3321.30885582159999,3319.37878161837488,3318.36149410059533,3319.93173231535274,3320.02393601648191,3320.02401684358892,3320.75882388609306,3317.24710954488728,3318.82458397973232,3318.08356095986164,3319.37878168596626,3318.63940232978893,3318.91693232479565,3318.82439396714335,3317.52637306205224,3321.12583817970971,3320.29995991593023,3319.19415856809246,3320.29984471124817,3319.10179731548305,3320.48338123751364,3320.39173606286567,3321.30885582159999,3320.20791424346771,3320.75921158339042,3319.93190562126346,3320.02379461759846,3319.47102862482006,3318.63944847588709,3319.7476177258236,3320.3141011879079,3320.49789016971135,3320.40596630144045,3320.95673699341705,3321.32343795612587,3320.31420209582665,3320.49794198417885,3321.32312851227288,3318.83896927176647,3320.58967699327377,3321.87162169032535,3320.86473085054558,3320.58982082809234,3319.7619276463497,17.9942428178628972,17.9456974186131397,17.6164590503159353,18.0523880259089182,19.8309490070031344,17.7687192643807883,17.4970635414835556,17.736081070105584,16.2236684059295051,16.3252565288458164,16.2348298731758547,16.5030225695569221,16.4969333598003089,16.4893932865913904,16.5108092650744638,16.7869038938202024,17.5904358111564569,17.5844190041553681,17.3535192123778046,17.3842034600738522,17.453385175298223,17.36440619734066,17.3558951833844119,17.4314613954589141,3321.34778489276141,3321.80457371171905,3320.70643671778907,3322.35199278147865,3320.43090091138083,3320.52275373250631,5.00043335976624448,4.99987082841716201,0.636558448676233901,-5.00016405096516614,4.99982397048368288,4.99982397873487372,-0.00249477893036555544,-0.00235881418269606388,-0.00248769595645108354,-0.00243217784844246884,-0.002895355224609375,-0.00222823688178174981,-0.00278528336835445018,-0.00269779539594483748,-0.00270945447708715887,-0.00265426518323789301,-0.00252287675219952821,-0.00271585868342305364,-0.00267804301373501894,-0.00277310972584652411,-0.00241352287993938782,-0.00260040256736801838,-0.00306970436397871775,-0.00294591788496550208,-0.00237525319756539712,-0.00232758485966118658,-0.00296033549614444077,-0.0026415378996789288,-0.00245631548465481166,-0.0024271989854517612,-4.65161035505790909,5.00029275891706071,-5.00091408392384196,-5.00065637306995114,4.99991771110885352,-0.0000298781658369024931,0.00000711231390208085809,-0.00000410297289693332727,0.0000110758041460976056,0.00000613842774200606012,-0.0000111434113257208913,0.0000957470771800281326,-0.0000288920474528714803,0.0000279595529352479706,-0.0000206637439860664203,-5.00063279766880519,-5.00154709255989171,5.00055064035444196,4.99935526994195722,4.99961300082820248,5.00076156385513926,5.00005834824183814,4.99954267101613503,-3.93737927811977561,5.00008178710937478,-0.00300678433869543821
4/23/2014 2:56:30.575 PM,254,3316.96804094086928,3320.94304898342625,3321.30895971530571,3319.37888644547683,3318.3615994134966,3319.9318368766244,3320.02404053330428,3320.02412136037219,3320.75892804738032,3317.24721538517997,3318.82468907200882,3318.08366640476106,3319.37888651306821,3318.63950751039328,3318.91703737297166,3318.82449905951034,3317.52647877064509,3321.12594216259231,3320.30006429947752,3319.19426348367233,3320.29994909485094,3319.10190227527346,3320.48348553232244,3320.39184040202963,3321.30895971530571,3320.20801867149293,3320.75931574448986,3319.9320101824519,3320.02389913448905,3319.47113340766191,3318.63955365646961,3319.74772237574779,3320.31378122574142,3320.49757048010451,3320.4056464754567,3320.95641798616998,3321.32311949615586,3320.31388213380933,3320.49762229464931,3321.3228100518404,3318.83864713745333,3320.58935743994879,3321.87130405173866,3320.86441170625767,3320.5895012749811,3319.76160686789126,17.997773966439432,17.936296027668412,17.6111655799457907,18.0521169034730562,19.9407591866298901,17.7589388368563661,17.5019653724977182,17.7381672046500292,16.2319233608871727,16.3468404841492152,16.2504756026955874,16.5147035024419999,16.5055724403855954,16.4986420064881827,16.5192977902207261,16.7762780726576217,17.5954468428065525,17.5958979122279402,17.3699501432721703,17.3982715235018617,17.4667697453288895,17.3709411747778972,17.3677559487131496,17.4442336861765597,3321.34777188683392,3321.80456073374534,3320.7064236727997,3322.3519798371517,3320.43088784967676,3320.52274067636972,5.00043335976624448,4.99987082841716201,0.636282277539724772,-5.00016405096516614,4.99982397048368288,4.99982397873487372,-0.0024860812167472675,-0.00234813252964982764,-0.002479761014188165,-0.00242271673398910875,-0.00287780761718749991,-0.0022105379309267318,-0.00277109468980924574,-0.00268573953978981954,-0.00269297305348283013,-0.00264404203417107405,-0.00252394501765873351,-0.00270990733723464961,-0.00267270218721190039,-0.00275800281653827521,-0.00239430086036539159,-0.00259262003773702869,-0.00304818795852833434,-0.00290364410372014178,-0.00236930171187923902,-0.00230026650504782174,-0.00294339784330882766,-0.00264718325469302926,-0.00244685414843579105,-0.00241026014157577281,-4.65223494965144812,5.00029275891706071,-5.00091408392384196,-5.00065637306995114,4.99991771110885352,-0.0000291347608012630153,0.00000645325778760232258,-0.00000512261050673669726,0.0000100673872672311435,0.0000220293550542306066,-0.00000224698766362585536,0.000209778566475230503,-0.0000180661162151811683,0.0000267876413130097767,-0.0000177043712315286331,-5.00063279766880519,-5.00154709255989171,5.00055064035444196,4.99935526994195722,4.99961300082820248,5.00076156385513926,5.00005834824183814,4.99954267101613503,-3.93735349197498552,5.00008178710937478,-0.00297336680742517389
4/23/2014 2:56:31.575 PM,255,3316.9687099036696,3320.94370595539749,3321.30961556284182,3319.37954818430989,3318.3622642185378,3319.93249693762254,3320.02470031375241,3320.0247811405743,3320.7595855838058,3317.24788351894358,3318.82535248453541,3318.08433204293169,3319.37954825190081,3318.64017148041875,3318.91770050715104,3318.82516247260946,3317.52714607316374,3321.1265985729824,3320.300723238734,3319.19492578095014,3320.30060803445894,3319.1025648515947,3320.48414391149162,3320.39249906115264,3321.30961556284182,3320.2086778914836,3320.75997327972754,3319.93267024292254,3320.02455891536783,3319.47179486713776,3318.64021762635638,3319.74838299629209,3320.31332413831705,3320.49711378205802,3320.40518958258189,3320.95596226293992,3321.32266455476337,3320.31342504659869,3320.49716559671287,3321.32235510978716,3318.83818694690899,3320.5889009365942,3321.87085028377123,3320.86395578725159,3320.58904477193164,3319.76114861431642,17.9905425401375964,17.9339307426952068,17.6072018109448507,18.0473942253700166,17.8927144608765367,17.7549760748125287,17.506446462060822,17.7328372290166207,16.2419649868190383,16.3656423751929623,16.2632631313455924,16.535098801473687,16.5156187502387617,16.5006151655506628,16.5316310259665045,16.7764231650812938,17.6147878745709505,17.6200322181797162,17.3898304182749364,17.4198210423384943,17.4903014845032949,17.3886136054805611,17.3961545542620222,17.4517797003647317,3321.34689397151851,3321.80368470509756,3320.70554312111608,3322.35110607941305,3320.43000616983454,3320.52185937231342,5.00043335976624448,4.99987082841716201,0.63629295819141296,-5.00016405096516614,4.99982397048368288,4.99982397873487372,-0.00249249005836074287,-0.00235866158765254616,-0.00249273159288716665,-0.00244148636427561324,-0.00289993286132812474,-0.0022398327461350372,-0.00278452053617460078,-0.00271076688674454051,-0.00270426588076727766,-0.00265548585775333404,-0.0025327963600350052,-0.00272028404340930253,-0.00268109491460537209,-0.00279645676750472699,-0.0024023863130433424,-0.00260467532873405201,-0.00307901287981186215,-0.0029350823670289657,-0.00238212029643404067,-0.00232361683049946881,-0.00295560516066782804,-0.00264016470521603961,-0.00245509466707816365,-0.00242536775908678941,-4.65228333588951059,5.00029275891706071,-5.00091408392384196,-5.00065637306995114,4.99991771110885352,-0.0000231966795104261099,0.0000105464234245141522,-0.00000267273271671512698,0.0000148913118829282005,0.0000293704384552870869,0.0000010098478162391827,0.000226433085247694949,-0.0000172784427071935458,0.0000267693301939123064,-0.0000171674128760661066,-5.00063279766880519,-5.00154709255989171,5.00055064035444196,4.99935526994195722,4.99961300082820248,5.00076156385513926,5.00005834824183814,4.99954267101613503,-3.93696181721950555,5.00008178710937478,-0.00302631604646983908
4/23/2014 2:56:32.575 PM,256,3316.96875626641804,3320.94375148700419,3321.30966101650892,3319.37959404633056,3318.36231029309192,3319.93254268334476,3320.02474604002827,3320.02482686683333,3320.75963115453805,3317.24792982422741,3318.82539846256759,3318.08437817523417,3319.37959411392148,3318.640217497094,3318.9177464658901,3318.82520845068165,3317.52719232083018,3321.12664406566318,3320.30076890670261,3319.19497168167936,3320.30065370245211,3319.10261077166569,3320.484189540638,3320.39254470970445,3321.30966101650892,3320.2087235789113,3320.76001885037703,3319.93271598860838,3320.02460464167325,3319.47184070979528,3318.64026364302208,3319.7484287807988,3320.31338290463281,3320.49717249830109,3320.40524832387927,3320.95602085382415,3321.32272304510615,3320.31348381288717,3320.49722431294139,3321.32241360021498,3318.83824611227601,3320.58895962780025,3321.8709086232152,3320.86401440331246,3320.58910346309858,3319.76120753059558,17.9861057758529981,17.9282740879386857,17.6018489471457755,18.0469116638561004,17.6375016127121569,17.7417890742880466,17.4968349816809443,17.7310620282959199,16.2321945770123754,16.3655398502169902,16.2643029759068334,16.5340065977920716,16.5121650595178693,16.5065294502403468,16.5306145802485567,16.800988532510555,17.6317264716033932,17.6346112323168178,17.4054805416269289,17.4396529078213085,17.5163766221022392,17.4153760994936313,17.4154533036173724,17.4729788135105792,3321.34703703957211,3321.80382746569876,3320.70568661879269,3322.35124846994676,3320.43014985135641,3320.5220029925972,5.00043335976624448,4.99987082841716201,0.63602990899840639,-5.00016405096516614,4.99982397048368288,4.99982397873487372,-0.00249920408290819299,-0.00236400241417566472,-0.00249364716314827255,-0.00243553501808720964,-0.00289428710937499967,-0.00222213379528001919,-0.00279199629153712792,-0.00270100011720123467,-0.00270350285189670681,-0.0026458730459442358,-0.00252608154857714411,-0.00272348861443382764,-0.00267880598895260712,-0.00278699587480663166,-0.0024062002058159609,-0.00260116556046909551,-0.00308313304255768009,-0.00294408652982129909,-0.00239249724583554717,-0.00232682177713008703,-0.0029610984534793783,-0.00266259354810989861,-0.00245356864510735398,-0.00241880586461230753,-4.65217832096273742,5.00029275891706071,-5.00091408392384196,-5.00065637306995114,4.99991771110885352,-0.000000163335397974173847,0.0000353754471817784158,0.0000280293494443402333,0.0000455023325704555351,0.0000203428899485824987,-0.00000449397532725171072,0.000114408440283638073,-0.0000269488141666927198,0.0000254951814900465587,-0.0000197347450131213085,-5.00063279766880519,-5.00154709255989171,5.00055064035444196,4.99935526994195722,4.99961300082820248,5.00076156385513926,5.00005834824183814,4.99954267101613503,-3.9361275057419185,5.00008178710937478,-0.00299350888106752512
4/23/2014 2:56:33.575 PM,257,3316.96933912242047,3320.94432389530129,3321.3102324450765,3319.38017060803213,3318.36288952640552,3319.93311778313545,3320.02532089537362,3320.02540172196404,3320.76020405464851,3317.24851195788323,3318.82597648257206,3318.08495813445961,3319.38017067562304,3318.6407960028514,3318.91832424336826,3318.82578647118452,3317.52777373021581,3321.12721598465032,3320.30134302911119,3319.19554872995877,3320.30122782516673,3319.10318806307759,3320.48476317503809,3320.39311858803057,3321.3102324450765,3320.2092979459253,3320.76059174945294,3319.93329108793977,3320.02517949739376,3319.4724170280906,3318.64084214865852,3319.7490043681264,3320.31314783224115,3320.49693762616652,3320.40501335154431,3320.95578648303762,3321.32248907641815,3320.31324874060555,3320.49698944086321,3321.32217963118682,3318.83800944395079,3320.58872485579559,3321.87067525801921,3320.86377993183805,3320.5888686912508,3319.76097185845264,17.9798233067881128,17.9331724522113838,17.5794307145332667,18.0302835061957083,13.724885115802536,17.7485885817967741,17.4919950406825606,17.7212819009759279,16.2441753805361877,16.3862049255278848,16.2765934969661714,16.5560364014296759,16.5253698748723856,16.516002167117179,16.5500675287830567,16.816625137603161,17.644462735409828,17.6534342510672708,17.4214180457678829,17.454064402102972,17.5396948187434702,17.4341291481972504,17.4423445284405858,17.488606079050232,3321.34680292994971,3321.80359385920337,3320.7054518061177,3322.35101546904479,3320.42991473783013,3320.52176797928359,5.00043335976624448,4.99987082841716201,0.635198496554849057,-5.00016405096516614,4.99982397048368288,4.99982397873487372,-0.00247662054579404203,-0.00234828512469334536,-0.00248601741097238945,-0.00241523940159855,-0.0028811645507812499,-0.00223006780773226873,-0.00278040124240341207,-0.0026907755303355865,-0.00268534276477712256,-0.00264480495574322475,-0.00252348718960478851,-0.00270639756896969355,-0.00266751395573229999,-0.00277280453575948866,-0.00239704686316167702,-0.00260009737012758743,-0.00305856466470298726,-0.00292455207494979634,-0.00233740785268931467,-0.00229721417492342352,-0.0029325638491527143,-0.00264458944292979411,-0.00245295823631903019,-0.00242872500742257087,-4.65161691849083247,5.00029275891706071,-5.00091408392384196,-5.00065637306995114,4.99991771110885352,0.0000107068643120642806,0.0000510432858292195178,0.0000346005169745850018,0.0000659468024550084292,0.0000575153280600443747,0.0000111373095262269999,0.00040167561581887798,-0.00000704174010144746078,0.0000250587664848901483,-0.0000131966668554156653,-5.00063279766880519,-5.00154709255989171,5.00055064035444196,4.99935526994195722,4.99961300082820248,5.00076156385513926,5.00005834824183814,4.99954267101613503,-3.93450374152383508,5.00008178710937478,-0.00298999927732681225
4/23/2014 2:56:34.575 PM,258,3316.96968353963484,3320.94466213908754,3321.31057010995255,3319.38051130601752,3318.36323180301542,3319.9334576172946,3320.02566058509273,3320.02574141155673,3320.76054258904196,3317.24885594827174,3318.82631804225184,3318.08530084000222,3319.38051137360798,3318.64113784955679,3318.91866565974214,3318.82612803115898,3317.52811729264158,3321.12755393930911,3320.30168228574621,3319.19588971545681,3320.30156708198319,3319.10352919223987,3320.48510214331463,3320.39345770044019,3321.31057010995255,3320.20963734709494,3320.76093028323521,3319.93363092182744,3320.02551918733434,3319.47275758225032,3318.64118399529206,3319.74934449036527,3320.31352003425809,3320.49730951112951,3320.40538539514818,3320.95615757424866,3321.322859531012,3320.31362094244877,3320.49736132573707,3321.32255008631864,3318.83838417270817,3320.58909658222955,3321.8710447571425,3320.86415118246122,3320.58924041743603,3319.76134501001752,17.9744354160209951,17.9207818654939217,17.5775394120075781,18.0336414355808507,13.0453336728323119,17.7352867852125442,17.4802906925806205,17.7158183298776599,16.228123649659107,16.3708343117687853,16.2815547573747459,16.551403908819676,16.5250001111826989,16.5271325740437085,16.5630279203649628,16.8313299326631274,17.6586699111765029,17.6833912711834777,17.445753296483069,17.4790787366062865,17.5502517657737869,17.4393590019676026,17.4487908723538894,17.512704404876299,3321.34713458653414,3321.80392480304226,3320.70578445866931,3322.35134555497961,3320.43024781657732,3320.52210091606639,5.00043335976624448,4.99987082841716201,0.635688738467337533,-5.00016405096516614,4.99982397048368288,4.99982397873487372,-0.00247631536286006685,-0.00234752214947575675,-0.00248479665062424811,-0.00241935956434436838,-0.00289749145507812479,-0.00222838945894429305,-0.00277872301160774285,-0.00269199637652849967,-0.00269465171699808563,-0.00263290337921767486,-0.00251295714436405165,-0.00271616388066348458,-0.00266675098051471138,-0.00278546992437145487,-0.00240162353448881896,-0.00259445122117961434,-0.00306497380675203749,-0.00293080920502582481,-0.00236335022619308093,-0.00232850055869850614,-0.00294416080064376518,-0.00264336882562944816,-0.00244609113745038621,-0.00241407519650279744,-4.65007619077158107,5.00029275891706071,-5.00091408392384196,-5.00065637306995114,4.99991771110885352,0.0000195376612959952544,0.000051917450536618129,0.0000513985886750132747,0.0000669628472981628385,0.0000664131484816991066,0.0000138129486042987909,0.000426597112341772192,-0.00000606936020883483688,0.0000265526486179255565,-0.0000137473542597394488,-5.00063279766880519,-5.00154709255989171,5.00055064035444196,4.99935526994195722,4.99961300082820248,5.00076156385513926,5.00005834824183814,4.99954267101613503,-3.93254292645461945,5.00008178710937478,-0.00302051757072431364
4/23/2014 2:56:35.575 PM,259,3316.97020678319086,3320.94517600325116,3321.31108309456794,3319.38102889888614,3318.36375179431434,3319.93397389773781,3320.02617664608578,3320.02625747235742,3320.76105689472979,3317.24937854334348,3318.8268369443067,3318.08582148298683,3319.3810289664766,3318.64165718769481,3318.91918434406989,3318.82664693366177,3317.52863923750237,3321.12806736419634,3320.30219768874758,3319.19640774514846,3320.30208248525968,3319.10404744020343,3320.48561710820786,3320.39397288431791,3321.31108309456794,3320.21015296969017,3320.76144458799399,3319.93414720185819,3320.02603524866435,3319.47327495660192,3318.64170333332185,3319.74986120849325,3320.31355268175457,3320.49734213080546,3320.40541802874395,3320.9561901242755,3321.32289202517768,3320.31365358992934,3320.49739394540483,3321.32258258053161,3318.83841704191718,3320.58912918799478,3321.87107716746913,3320.8641837464761,3320.58927302317988,3319.76137774083326,17.9761359331104025,17.9188313359662707,17.576045282135297,18.0310830073042716,14.728298694611901,17.7266419065613228,17.4791773058634305,17.7147052099907825,16.2410170347515397,16.3589827257112361,16.2951381482804329,16.5483864682002206,16.5270081136058984,16.5284549824858118,16.575014500435973,16.8376004196508973,17.6641313369586612,17.6870260624981803,17.4525105947263128,17.4842362237039488,17.5679675080381266,17.4555540759287595,17.4692433702232961,17.5163391746861237,3321.34639973987577,3321.80319153560731,3320.70504740525439,3322.35061418839586,3320.42950981884405,3320.52136323288277,5.00043335976624448,4.99987082841716201,0.635531732887520961,-5.00016405096516614,4.99982397048368288,4.99982397873487372,-0.00250011963171011811,-0.00236446019930621745,-0.00250799109723893327,-0.00243141485534139126,-0.00289871215820312498,-0.00223220388800787414,-0.00280343877423487337,-0.00271320857913036687,-0.0027089966597648161,-0.00264922990086169851,-0.00253188070392711519,-0.00272913476338180073,-0.00268613055104145477,-0.00279828790802693879,-0.00241001409858857896,-0.00260604871631599103,-0.00307275633638302717,-0.00293798201267395434,-0.00237021732506172492,-0.00234925640354441499,-0.00296857543536176638,-0.00266915436609925852,-0.00246379299231177943,-0.00242994582499921888,-4.64817035301622372,5.00029275891706071,-5.00091408392384196,-5.00065637306995114,4.99991771110885352,0.0000258802648341513804,0.0000519754230652065208,0.0000556893092156678769,0.0000665845002694807193,0.0000627670261854155478,0.0000132683629994689005,0.000389671176648695146,-0.00000998177726498264673,0.0000248146182302571895,-0.0000140966822807647854,-5.00063279766880519,-5.00154709255989171,5.00055064035444196,4.99935526994195722,4.99961300082820248,5.00076156385513926,5.00005834824183814,4.99954267101613503,-3.9313071750542945,5.00008178710937478,-0.00300388510082267527
4/23/2014 2:56:36.575 PM,260,3316.97022002998619,3320.94518901260562,3321.31109608165616,3319.38104200263342,3318.36376495877812,3319.93398696826034,3320.02618971105357,3320.02627053731976,3320.76106991526103,3317.24939177372243,3318.82685008119642,3318.08583466394839,3319.38104207022388,3318.64167033562398,3318.91919747544761,3318.82666007056241,3317.52865245142084,3321.12808036243041,3320.30221073705797,3319.19642085995428,3320.30209553357644,3319.10406056053443,3320.48563014542742,3320.39398592708084,3321.31109608165616,3320.21016602355939,3320.76145760850158,3319.93416027237071,3320.02604831364033,3319.4732880548172,3318.64171648124829,3319.74987429009615,3320.31363756937344,3320.49742694611086,3320.40550288023178,3320.95627475854326,3321.32297651424642,3320.31373847750865,3320.49747876069022,3321.32266706972313,3318.838502505831,3320.58921396714322,3321.87116143861567,3320.86426841710226,3320.58935780227148,3319.76146284502328,17.9787933496765966,17.9230877787014293,17.5797696647101453,18.0257546277495635,14.710960899886679,17.731202423808412,17.4800861908140064,17.7110514220191923,16.2598164044488769,16.4083989416723277,16.2933825189501427,16.5664243679599181,16.5451297901367695,16.5329445116377585,16.5993849774442914,16.8508432460350868,17.6585272131986493,17.6994548645570191,17.4553531320197521,17.492861521435568,17.5777355381332079,17.4631916538813421,17.4710202080869585,17.5370616731669777,3321.34669888159987,3321.80349003447008,3320.70534744529322,3322.350911913471,3320.42981024329083,3320.52166352928407,5.00043335976624448,4.99987082841716201,0.63435045281080582,-5.00016405096516614,4.99982397048368288,4.99982397873487372,-0.00247204280178441689,-0.00232600624833976611,-0.00247518316288263506,-0.00241264522505488677,-0.00287750244140624976,-0.00221557297729065928,-0.00276590743098626768,-0.00267780403953588346,-0.00266779310075399489,-0.00260345460653265944,-0.00249555967831413842,-0.00269541046831417875,-0.00263760532720283764,-0.00277585643662984182,-0.00237233283799511037,-0.00258010695087935874,-0.00305047693783156663,-0.00289906571585963344,-0.00238074687666031204,-0.00228637840298180932,-0.00291989875739275158,-0.00263039976681327115,-0.00241755452659624332,-0.00241224397013782566,-4.64630450641030634,5.00029275891706071,-5.00091408392384196,-5.00065637306995114,4.99991771110885352,0.000027832657114609068,0.0000522896951938698918,0.0000529982596556628731,0.0000668835164695682063,0.0000459313731714750014,0.00000799030643725202272,0.000271348245331301801,-0.0000179546817847875698,0.0000272820415286415154,-0.0000161758704583086027,-5.00063279766880519,-5.00154709255989171,5.00055064035444196,4.99935526994195722,4.99961300082820248,5.00076156385513926,5.00005834824183814,4.99954267101613503,-3.9305535787873227,5.00008178710937478,-0.00300113845441690036
4/23/2014 2:56:37.575 PM,261,3316.97073665395146,3320.94569637625454,3321.31160257692272,3319.3815530476495,3318.36427837177598,3319.93449671751341,3320.02669924364227,3320.02678006971882,3320.76157771482894,3317.24990775743617,3318.82736241877819,3318.08634872035736,3319.38155311523996,3318.64218310375281,3318.91970959806713,3318.82717240858664,3317.52916779317865,3321.12858729237996,3320.3027196200087,3319.19693233624821,3320.30260441679865,3319.10457225232903,3320.48613859583201,3320.39449459368961,3321.31160257692272,3320.21067512331637,3320.76196540715227,3319.93467002121633,3320.02655784656144,3319.47379888409113,3318.6422292492698,3319.75038447147699,3320.31348085304034,3320.49727036327567,3320.40534623060011,3320.95611850992327,3321.32282053367907,3320.31358176124877,3320.49732217789232,3321.32251108892887,3318.83834472559556,3320.58905745105767,3321.87100586035558,3320.8641121013602,3320.58920128629097,3319.76130572887632,17.9833754015214211,17.9214334166789371,17.5851155268836123,18.0295772274459232,16.8350817034318894,17.7331997375426198,17.4780514081189011,17.7138080266533961,16.2634135407596645,16.3965390499046499,16.3003320883446818,16.5803747843798703,16.5385993875666131,16.5399703995177738,16.6024508722385668,16.8530702173963291,17.6583917452895669,17.696656671332228,17.4607744605341573,17.4928023879867211,17.5901575907788299,17.4679275479569753,17.4797880599336359,17.5349482474365352,3321.34707605794756,3321.80386640022152,3320.70572575434198,3322.35128730353881,3320.4301890370466,3320.52204216158543,5.00043335976624448,4.99987082841716201,0.633701679511116667,-5.00016405096516614,4.99982397048368288,4.99982397873487372,-0.00245541033188277852,-0.00232585365329624838,-0.00245351466670312669,-0.00238670345961825448,-0.00286834716796874984,-0.00218551527626963723,-0.00275583804621225151,-0.00266391691409149532,-0.00265817893698480287,-0.00261260966539846734,-0.00248655572658655144,-0.00269602086279504064,-0.00263119633537509546,-0.00274106476670781451,-0.00236546783100439768,-0.00256072692611199236,-0.00304177881647928411,-0.00289158768235413645,-0.00235785654709816557,-0.0022550920192067267,-0.00291410028164722614,-0.00263619769898991484,-0.00241129783651592355,-0.00238828542519611223,-4.64503455845863477,5.00029275891706071,-5.00091408392384196,-5.00065637306995114,4.99991771110885352,0.0000236958446986275755,0.0000522988487510154263,0.0000482999893518084244,0.0000670543828696181969,0.0000234609426280748855,-0.00000066357069496079231,0.000104024737751992505,-0.0000287119205653859407,0.0000311899395293602854,-0.0000198110175067949645,-5.00063279766880519,-5.00154709255989171,5.00055064035444196,4.99935526994195722,4.99961300082820248,5.00076156385513926,5.00005834824183814,4.99954267101613503,-3.93104076908504307,5.00008178710937478,-0.00295154622764596045
4/23/2014 2:56:38.575 PM,262,3316.97112743056368,3320.94608014798268,3321.31198569177104,3319.38193960411536,3318.36466671947982,3319.93488229381,3320.02708465604564,3320.02716548197804,3320.76196181630393,3317.2502980497361,3318.8277499529936,3318.08673755476456,3319.38193967170582,3318.6425709636519,3318.92009696967579,3318.82755994313674,3317.52955759987617,3321.12897073603971,3320.3031045409989,3319.19731921894981,3320.3029893379944,3319.10495929804392,3320.48652318962695,3320.39487935102988,3321.31198569177104,3320.21106020830757,3320.76234950793377,3319.93505559720506,3320.02694325921629,3319.47418527736044,3318.64261710908749,3319.75077037465325,3320.31408812777908,3320.49787712070565,3320.40595324686955,3320.95672397225735,3321.32342495729972,3320.3141890357042,3320.49792893517633,3321.32311551342763,3318.83895612299602,3320.58966394982917,3321.87160872501863,3320.86471782379339,3320.58980778465684,3319.76191455290927,17.9909619702246104,17.9187523832299327,17.5862392382168124,18.0341228345622397,18.1065846432441511,17.7307473316701767,17.4821416776770313,17.7123457006712748,16.2668219889351135,16.4119794389899027,16.2989433743639402,16.5962672012723047,16.5509954408991788,16.5464259173790182,16.6101260511593161,16.8699532854308423,17.672067131166223,17.7008203287910994,17.4800863469543373,17.5094463322498619,17.6024654676588525,17.4805412368438056,17.483267387568457,17.5531876845243282,3321.34678342228562,3321.80357439348563,3320.7054322398385,3322.35099605381719,3320.42989514646797,3320.52174839627605,5.00043335976624448,4.99987082841716201,0.633134536906473144,-5.00016405096516614,4.99982397048368288,4.99982397873487372,-0.00245434219161386582,-0.0023185290912074003,-0.00244542712939669043,-0.00239387559476838228,-0.00285079956054687476,-0.00219055032263356471,-0.00274805715797778443,-0.00266712163534789252,-0.00266382535062702685,-0.0026277155125270504,-0.00249143922582863251,-0.00267892981733090611,-0.00264584545955279162,-0.0027459478081003799,-0.0023683663895115877,-0.00257400300607073945,-0.00303552227305044914,-0.0028920455211401872,-0.00235678833171859862,-0.00226867488826029912,-0.00291410028164722614,-0.00260751319243178199,-0.00242259039909991552,-0.00238141832632746825,-4.64232798188663409,5.00029275891706071,-5.00091408392384196,-5.00065637306995114,4.99991771110885352,0.0000184797974567793226,0.0000520425491509404404,0.0000409671464214261068,0.0000670772667624820263,0.00000174446119072921895,-0.0000106064529702583648,-0.0000440178030746991704,-0.0000399942750179760543,0.0000300729612644145091,-0.0000234644699537630057,-5.00063279766880519,-5.00154709255989171,5.00055064035444196,4.99935526994195722,4.99961300082820248,5.00076156385513926,5.00005834824183814,4.99954267101613503,-3.93091046513444686,5.00008178710937478,-0.00298618449065212463
4/23/2014 2:56:39.575 PM,263,3316.97155132488933,3320.94649644388982,3321.31240127514001,3319.38235892071543,3318.36508797909255,3319.93530054718985,3320.02750273164474,3320.02758355742162,3320.76237846989806,3317.25072141871305,3318.82817033018955,3318.08715934231941,3319.38235898830544,3318.64299169412652,3318.92051717048707,3318.82798032069513,3317.52998044210517,3321.12938667608114,3320.30352208354725,3319.19773888942836,3320.30340688076512,3319.10537914534825,3320.48694037725545,3320.39529671606169,3321.31240127514001,3320.21147792875262,3320.7627661607753,3319.93547385025112,3320.02736133508824,3319.47460441693556,3318.64303783947434,3319.75118898260962,3320.31391182131892,3320.49770096442716,3320.40577701544634,3320.95654819196397,3321.32324947855932,3320.31401272932589,3320.49775277894059,3321.32294003443257,3318.83877861966812,3320.58948786864311,3321.87143369886644,3320.86454196798968,3320.58963170358856,3319.76173779666669,17.9913447865958922,17.927200592069525,17.5902747871436311,18.0264434964797076,18.5721237716825485,17.7371403338070443,17.4771995120575632,17.7222335909692106,16.2596685078076817,16.3970574178191164,16.3108263753829554,16.5809687728888271,16.5503890028129525,16.546352498034306,16.6141657547587975,16.8708696738953883,17.6718020259590247,17.7114352871153997,17.4777658422716975,17.5152686983789998,17.6009064424828523,17.4804280156835325,17.4861218144455712,17.5470638504660563,3321.34718660987118,3321.80397671456012,3320.70583663825982,3322.35139733190453,3320.4303000630316,3320.52215314024852,5.00043335976624448,4.99987082841716201,0.631914043579988482,-5.00016405096516614,4.99982397048368288,4.99982397873487372,-0.00248074051540270483,-0.0023345515707767551,-0.00246877417105489331,-0.00241066144299208586,-0.0028733825683593746,-0.00220458742158754443,-0.00276804336108984681,-0.00267749882798765495,-0.00267466036058913162,-0.0026234431517230066,-0.00250853147317591559,-0.00270792355517184827,-0.00266202053416566371,-0.00277387270106411229,-0.00238575774055472699,-0.00257674978123461837,-0.00305581788953910834,-0.00289982878050305121,-0.00234290153178423003,-0.00230041912155404173,-0.00293271644061970189,-0.0026326884242514198,-0.00242548984084445425,-0.00240491906467793851,-4.63928819661529523,5.00029275891706071,-5.00091408392384196,-5.00065637306995114,4.99991771110885352,0.0000158664310891924906,0.0000517160722794163567,0.0000412937967934289788,0.0000666973941409423113,0.00000219622016925577138,-0.0000113066344621825121,-0.00000392059550320362555,-0.0000375198200636195952,0.0000296701166442701287,-0.0000232326015729950963,-5.00063279766880519,-5.00154709255989171,5.00055064035444196,4.99935526994195722,4.99961300082820248,5.00076156385513926,5.00005834824183814,4.99954267101613503,-3.93129023859233184,5.00008178710937478,-0.00296970461221747386
4/23/2014 2:56:40.575 PM,264,3316.9715910661057,3320.94653547285906,3321.31244023731824,3319.38239823283265,3318.36512747334109,3319.9353397596451,3320.02754192743532,3320.02762275319764,3320.76241753239537,3317.25076111068528,3318.82820974172364,3318.08719888605492,3319.38239830042312,3318.64303113877576,3318.92055656548746,3318.82801973226332,3317.53002008470184,3321.12942567169284,3320.30356122937155,3319.19777823471713,3320.3034460266108,3319.1054185072121,3320.48697948981134,3320.39533584524633,3321.31244023731824,3320.21151709125251,3320.76280522320166,3319.935513062675,3320.02740053090428,3319.47464371245951,3318.64307728411495,3319.75122822830144,3320.31419260492657,3320.49798150885226,3320.40605767954866,3320.95682813758958,3321.32352894392624,3320.31429351280257,3320.49803332329838,3321.32321950020514,3318.83906130942705,3320.58976829347557,3321.87171244343426,3320.86482203387413,3320.5899121282332,3319.76201929660555,17.9943964423506095,17.9206670000611581,17.5941653068993418,18.0350480659100114,21.9777621207367133,17.7375304586239331,17.4756117844566816,17.7181373845243897,16.2663014978024378,16.4045295421249442,16.3274378357699916,16.5968124567788315,16.5531402599001929,16.5532926605262709,16.6261338613364558,16.8625051655143103,17.6738856672594267,17.7099427894977417,17.4788606949537666,17.5205483609026267,17.6073281310062057,17.4871549034165348,17.4926191002075235,17.5588103406490319,3321.34731016883415,3321.80410000799884,3320.70596056825752,3322.35152030574181,3320.43042415180343,3320.52227717613277,5.00043335976624448,4.99987082841716201,0.631552732391450378,-5.00016405096516614,4.99982397048368288,4.99982397873487372,-0.00251629432721079413,-0.0023731581167867246,-0.00251653641967592226,-0.00245033708424811144,-0.00292144775390624969,-0.00225432757657664665,-0.00280038744551547444,-0.00272267013712544463,-0.00270594454428253316,-0.00265914788129965711,-0.00253798507797971642,-0.00272760877717964558,-0.00268796169156366701,-0.00280347613950653919,-0.00241962510837557708,-0.00260787989975857712,-0.00307733429498949175,-0.00295522727361520249,-0.00240241638864581051,-0.00231171274301431549,-0.0029722376305694664,-0.002660610044996836,-0.00246364039011469837,-0.00243971236561240116,-4.63634899976945558,5.00029275891706071,-5.00091408392384196,-5.00065637306995114,4.99991771110885352,0.0000226532458498765199,0.0000512950086507217365,0.0000470971833091062432,0.000066120720040773598,-0.0000165410939502391151,-0.0000216171501569870978,-0.000173276891408813882,-0.0000507087718252727713,0.0000291787682818213006,-0.0000272902982364335024,-5.00063279766880519,-5.00154709255989171,5.00055064035444196,4.99935526994195722,4.99961300082820248,5.00076156385513926,5.00005834824183814,4.99954267101613503,-3.93221136851007014,5.00008178710937478,-0.00304218555903653992
4/23/2014 2:56:41.575 PM,265,3316.97226002423349,3320.94719243972213,3321.31309607970615,3319.38305996673079,3318.36579227355878,3319.93599981564739,3320.02820170287805,3320.0282825283939,3320.76307506373359,3317.25142923974635,3318.82887314937625,3318.08786451943206,3319.3830600343208,3318.64369510394726,3318.92121969478284,3318.82868314048801,3317.53068738248794,3321.13008207695475,3320.3042201635917,3319.19844052708049,3320.30410496118247,3319.1060810786289,3320.48763786392373,3320.39599449932302,3321.31309607970615,3320.21217630621686,3320.76346275335254,3319.93617311815023,3320.0280603067772,3319.47530516699043,3318.64374124914775,3319.75188884386989,3320.31423178403792,3320.49802065458925,3320.40609684198443,3320.95686719977266,3321.32356793909684,3320.31433269189528,3320.49807246902537,3321.32325849543258,3318.83910075451285,3320.5898074225247,3321.87175133802793,3320.86486111283784,3320.58995125725641,3319.76205857566947,17.999980746855087,17.9296780728467908,17.6076670344302144,18.0533352888869594,22.6803265312059032,17.7546043783101659,17.4856870175385559,17.7291962665111598,16.2731099608953222,16.4253509828713291,16.3288417059523354,16.5957037744960765,16.5578190502559046,16.5519549881791867,16.6310419075456863,16.8713693657655348,17.678594597915886,17.7157930294460293,17.4898123893672803,17.5232032574291843,17.6133319798197441,17.4967363013691184,17.4975567817124755,17.5561387476657202,3321.34712158040883,3321.80391182486801,3320.70577141348667,3322.35133261044893,3320.43023475468089,3320.52208785973698,5.00043335976624448,4.99987082841716201,0.630907163287267814,-5.00016405096516614,4.99982397048368288,4.99982397873487372,-0.00251324249787104404,-0.00236659652991546513,-0.00250387103106395606,-0.00243400903188505449,-0.00290603637695312483,-0.00223784924302197503,-0.00280038744551547444,-0.00270756216548814332,-0.0027041132749931634,-0.00264846697928954782,-0.00253264375068369034,-0.00272943996062223167,-0.00268338384025813706,-0.00279355746167789113,-0.00241413310278300666,-0.00260604871631599103,-0.00308008107015337066,-0.00293752417388790359,-0.0023482426086820639,-0.00233216335484778435,-0.00296262436814925334,-0.00265771107890851437,-0.00245341604291027292,-0.00243421868651748623,-4.63474263772097039,5.00029275891706071,-5.00091408392384196,-5.00065637306995114,4.99991771110885352,0.0000200108760004064228,0.0000512705991650003044,0.000044480927525868259,0.0000659254441550021821,-0.0000220125667138123984,-0.0000265168951505826475,-0.000171505069151429908,-0.0000522566418584112316,0.000028577553204787644,-0.0000282253990088725073,-5.00063279766880519,-5.00154709255989171,5.00055064035444196,4.99935526994195722,4.99961300082820248,5.00076156385513926,5.00005834824183814,4.99954267101613503,-3.93201713323008306,5.00008178710937478,-0.00299747625920920033
4/23/2014 2:56:42.575 PM,266,3316.9722004129776,3320.94713389688968,3321.31303763706409,3319.38300099915477,3318.36573303277282,3319.93594099757228,3320.0281429098004,3320.02822373533854,3320.76301647060609,3317.25136970236008,3318.8288140326681,3318.08780520441178,3319.38300106674478,3318.64363593756434,3318.92116060287617,3318.82862402372939,3317.53062791916863,3321.13002358416088,3320.30416144546734,3319.19838150974465,3320.30404624302627,3319.10602203642929,3320.48757919570471,3320.39593580615928,3321.31303763706409,3320.21211756307775,3320.76340416033053,3319.93611430012151,3320.02800151366136,3319.47524622430592,3318.6436820827771,3319.75182997593719,3320.31452562639424,3320.49831424663307,3320.40639055927386,3320.95716016515461,3321.32386040187248,3320.31462653411426,3320.4983660609987,3321.3235509586334,3318.83939659171528,3320.59010088941067,3321.87204304646593,3320.86515420407477,3320.59024472394639,3319.7623531676877,18.02030464808076,17.947350387164267,17.6170469043375881,18.0781508235758821,19.8225855838616454,17.7597981009148178,17.4914896731463294,17.7404711994192077,16.2789924069187144,16.4088479885613196,16.3196479644607812,16.5898631875128934,16.5611908817431619,16.5610386795981306,16.6322051360644281,16.8708573150104613,17.6946114676879134,17.7200155867551103,17.5035505580571957,17.5328289652958951,17.6158814300610267,17.505983480580749,17.5128893362806757,17.5634050240145356,3321.34779139754618,3321.80458020255173,3320.70644324207069,3322.35199925551705,3320.43090744400569,3320.52276026235176,5.00043335976624448,4.99987082841716201,0.629792408412496285,-5.00016405096516614,4.99982397048368288,4.99982397873487372,-0.00250820697946045612,-0.00235118443052018079,-0.00250005615497601473,-0.00243797659601065718,-0.00288970947265624993,-0.0022354080084212827,-0.00279443735451264698,-0.00270496786732820271,-0.00270045073641442387,-0.00263732832433614863,-0.00252012978387585775,-0.00272211522685188818,-0.00267972155921371302,-0.00280118721385377422,-0.00241657399415748245,-0.00259765579220413946,-0.00307306153362345812,-0.00293492975410028197,-0.00239112382606181855,-0.0023201066508564106,-0.00295224814839410319,-0.00266579766852330716,-0.0024561628824577306,-0.00242933541621089509,-4.6344379723229494,5.00029275891706071,-5.00091408392384196,-5.00065637306995114,4.99991771110885352,0.0000192216759933723131,0.0000511424493649628148,0.0000415273365453749599,0.0000660749522550459256,-0.000019195177949082612,-0.0000243141455332875132,-0.0000992556209954680448,-0.0000479809180291993696,0.000029989035301884429,-0.0000266480838397013351,-5.00063279766880519,-5.00154709255989171,5.00055064035444196,4.99935526994195722,4.99961300082820248,5.00076156385513926,5.00005834824183814,4.99954267101613503,-3.93033782962322098,5.00008178710937478,-0.00300907321070025078
4/23/2014 2:56:43.575 PM,267,3316.97261106115866,3320.94753718415404,3321.313440234062,3319.38340721269469,3318.36614112859342,3319.93634618112491,3320.0285479211293,3320.02862874651646,3320.76342010437747,3317.25177984161291,3318.82922127365327,3318.08821381167308,3319.3834072802847,3318.644043520786,3318.92156767299047,3318.82903126506607,3317.53103754813764,3321.13042652668264,3320.30456594040652,3319.19878806610222,3320.30445073818191,3319.10642876408564,3320.48798334681851,3320.3963401291312,3321.313440234062,3320.21252223035389,3320.76380779337296,3319.93651948335082,3320.02840652525492,3319.4756522663547,3318.64408966591372,3319.75223550298324,3320.31481293752949,3320.49860131301238,3320.40667774811891,3320.95744661878052,3321.32414636404837,3320.31491384511582,3320.49865312730889,3321.32383692122448,3318.83968585342017,3320.5903878334102,3321.87232827104662,3320.86544078076212,3320.59053166775356,3319.76264121184613,18.0561350040367117,17.9779507995445513,17.6678900771836211,18.1074474288061431,26.1891815661650895,17.7875799214611021,17.5253578806193211,17.7702933826911504,16.2850217628821738,16.4257677130189314,16.3304010812638154,16.6127918538445272,16.571030471243418,16.5596068059803407,16.637171356107725,16.8800081397177521,17.7025622353870986,17.7288788983297003,17.5051865892110427,17.5413892041818364,17.6269536760265595,17.5156869974467959,17.5221341502095917,17.5715076102430281,3321.34810354204864,3321.80489167619634,3320.70675632400752,3322.35230992167635,3320.43122092709109,3320.52307361181556,5.00043335976624448,4.99987082841716201,0.628615705757933241,-5.00016405096516614,4.99982397048368288,4.99982397873487372,-0.00250561292452166837,-0.00236339203400159383,-0.00250295546080285016,-0.00243324603878397735,-0.00290100097656249964,-0.00223327192814567728,-0.00280511700503054259,-0.00271427681954916622,-0.00271113314060241438,-0.00264556787731537544,-0.00253737464057445612,-0.00273356012336804961,-0.00268353643530165479,-0.00279844050307045652,-0.00241199732283034051,-0.00259704539772327757,-0.00308450643013961955,-0.00294240778760577896,-0.0024105043050911025,-0.0023115601265080955,-0.00295987772174347843,-0.00266244097094735536,-0.00245372124730443503,-0.00243040363159046161,-4.63460663728528121,5.00029275891706071,-5.00091408392384196,-5.00065637306995114,4.99991771110885352,0.0000106809138282739917,0.00005085106112916328,0.0000335106647988370901,0.0000660719010693307474,0.00000255488016909948725,-0.0000170362241869474224,0.0000561305965775902522,-0.0000351476405453778144,0.0000253975221881933759,-0.0000226986941172795147,-5.00063279766880519,-5.00154709255989171,5.00055064035444196,4.99935526994195722,4.99961300082820248,5.00076156385513926,5.00005834824183814,4.99954267101613503,-3.92842309393700306,5.00008178710937478,-0.00303257229661632686
4/23/2014 2:56:44.575 PM,268,3316.97322703027975,3320.94814211160564,3321.31404412608571,3319.38401652967695,3318.36675326907152,3319.93695395308486,3320.02915543474682,3320.02923625990752,3320.76402555160257,3317.25239504732144,3318.82983213184434,3318.08882671933224,3319.3840165972665,3318.64465489234589,3318.92217827486729,3318.82964212378419,3317.53165198840042,3321.13103093700647,3320.30517267941877,3319.19939789732416,3320.30505747751749,3319.10703885226257,3320.4885895700786,3320.39694661018484,3321.31404412608571,3320.21312922787774,3320.76441323950439,3319.93712725482555,3320.02901403926853,3319.47626132609275,3318.64470103734584,3319.75284379019694,3320.31487823810402,3320.49866655797268,3320.4067430209061,3320.95751172451036,3321.32421135811,3320.31497914565943,3320.49871837225373,3321.32390191538024,3318.83975159720648,3320.59045305056315,3321.87239309751021,3320.86550591445393,3320.59059688486286,3319.76270667897961,18.0790777389918951,18.0241106323987772,17.6966305980401763,18.1408145865944839,26.5774155518717201,17.8248335240610238,17.5660353017324304,17.8084425358172069,16.2879700257365307,16.4328286835250346,16.3244404057709786,16.5891726170846745,16.5620994173480831,16.5489240760537406,16.6295338565070061,16.8793024091609816,17.7095786336931695,17.7222759556599847,17.510454609181096,17.5440687162582129,17.6257523157998896,17.5174538040512146,17.5161392608677815,17.5752517815396096,3321.34776538412961,3321.80455424502133,3320.7064171505599,3322.35197336525516,3320.43088131907734,3320.52273414855471,5.00043335976624448,4.99987082841716201,0.62718877069238943,-5.00016405096516614,4.99982397048368288,4.99982397873487372,-0.00251186917466815615,-0.00236003494304420523,-0.00250783850219541554,-0.00243767139877022624,-0.00290588378906249997,-0.00224639356412439754,-0.00280023487907950447,-0.00271305597335625304,-0.00270762320779778911,-0.00264358428122778372,-0.00253310157873763535,-0.00273371272198826487,-0.00268811428660718473,-0.0027924892963732675,-0.00241169221140853131,-0.00260925328734051614,-0.00307992847153315498,-0.00294027120660420851,-0.00240104296887208189,-0.00232850055869850614,-0.00296369250841816605,-0.0026615255079720959,-0.00245799410882270239,-0.00248793465988998968,-4.6351217904507731,5.00029275891706071,-5.00091408392384196,-5.00065637306995114,4.99991771110885352,0.00000522825923422015628,0.0000504925468076298121,0.0000248620619587983284,0.0000662748049193901155,0.00000880472144297189686,-0.0000140371897356993347,0.0000602572179246757306,-0.0000316992791993622408,0.0000238044548267133313,-0.0000215851157096441613,-5.00063279766880519,-5.00154709255989171,5.00055064035444196,4.99935526994195722,4.99961300082820248,5.00076156385513926,5.00005834824183814,4.99954267101613503,-3.92701294275268342,5.00008178710937478,-0.00300953098510121312
4/23/2014 2:56:45.575 PM,269,3316.97351183493901,3320.94842181113881,3321.3143233468877,3319.38429825871344,3318.36703630355441,3319.9372349677792,3320.02943632999631,3320.02951715505196,3320.76430549145379,3317.25267949901626,3318.83011457346037,3318.0891101085217,3319.38429832630299,3318.64493757131822,3318.92246059797662,3318.82992456564397,3317.53193608619085,3321.13131039744485,3320.3054532165288,3319.19967986412029,3320.30533801477713,3319.10732093786236,3320.48886986873003,3320.39722702802737,3321.3143233468877,3320.21340988451083,3320.76469317884993,3319.93740826929524,3320.02929493470128,3319.4765429361928,3318.6449837162595,3319.75312504311978,3320.31516554747258,3320.49895362257621,3320.40703020797946,3320.95779817633911,3321.32449731847145,3320.31526645489384,3320.49900543678813,3321.32418787615734,3318.84004085721198,3320.59073999278234,3321.87267832025099,3320.86579248934867,3320.59088382689014,3319.76299472139635,18.0949087659017884,18.07776045468826,17.7371992640439338,18.1749007202461321,25.6615044273994961,17.8674470265018144,17.6332191973762207,17.8643421292629547,16.3105181875406231,16.4335294038426518,16.3247604554652064,16.6208558158547532,16.5699588049961974,16.5482538785221145,16.6374703880884986,16.8703340406978945,17.7160215952504281,17.7300121567999369,17.5062439160521244,17.5438157038198952,17.6267933184044381,17.5210825696011376,17.5205280734465631,17.5765208594704383,3321.34827262250883,3321.80506039330475,3320.70692591220404,3322.35247820143195,3320.43139073255861,3320.52324334491095,5.00043335976624448,4.99987082841716201,0.626906954068559341,-5.00016405096516614,4.99982397048368288,4.99982397873487372,-0.00251675210161175647,-0.00235499930660812255,-0.0024905952622779194,-0.00242714209397535807,-0.0029078674316406249,-0.00222411729839308179,-0.0027961155853083162,-0.00269687976130015238,-0.00269724601515802624,-0.00266097889307281886,-0.00252501328311793881,-0.00271997884616887158,-0.00267819560877853623,-0.00278012909784833675,-0.00241398054707210206,-0.00262161377557797041,-0.00308847399426522224,-0.00293813462560263807,-0.00240668925016407787,-0.00231522292265737327,-0.00295301110572904072,-0.00265328634119475987,-0.0024599779373847548,-0.00241926367120355026,-4.63700534306178546,5.00029275891706071,-5.00091408392384196,-5.00065637306995114,4.99991771110885352,-0.00000076935551942976535,0.0000504040624218896386,0.0000164561572923504868,0.0000662473442479534985,0.0000129026027177820108,-0.0000115369773930769473,0.0000839211937412095701,-0.0000305009774478694487,0.0000244468699217162995,-0.0000212479912876066111,-5.00063279766880519,-5.00154709255989171,5.00055064035444196,4.99935526994195722,4.99961300082820248,5.00076156385513926,5.00005834824183814,4.99954267101613503,-3.92611393704201372,5.00008178710937478,-0.00298191192957647424
4/23/2014 2:56:46.575 PM,270,3316.97390261013242,3320.94880558131581,3321.3147064601726,3319.3846848136809,3318.36742464979352,3319.93762054255876,3320.02982174087947,3320.02990256579141,3320.76468959138401,3317.25306978988828,3318.83050210619603,3318.08949894147372,3319.38468488127,3318.64532542974348,3318.9228479681019,3318.83031209871387,3317.53232589145136,3321.13169383954755,3320.30583813598968,3319.20006674532987,3320.30572293444356,3319.10770798208796,3320.48925446098883,3320.39761178383514,3321.3147064601726,3320.2137949679759,3320.76507727808621,3319.93779384376694,3320.02968034583591,3319.47692932796007,3318.6453715746029,3319.75351094478492,3320.31562263798969,3320.49941032373044,3320.40748710395428,3320.95825390271466,3321.32495226303854,3320.31572354519721,3320.49946213783232,3321.32464282138516,3318.84050105073083,3320.59119649925196,3321.87313209143849,3320.8662484114925,3320.59134033305508,3319.76345297801981,18.1104272032307065,18.1261504323998963,17.776769477824196,18.2113357756584193,23.2977093895264389,17.918417947273543,17.6930892343862247,17.9048735362355451,16.31098243555018,16.4253887793363376,16.3332203932474655,16.6044200490552711,16.5649395075335981,16.5465855328961382,16.6183592748404898,16.8786396990388994,17.7173474965141615,17.7309574720662049,17.5030794224940749,17.5431634537921859,17.6380889594695489,17.5224087783284617,17.524593253077203,17.5859876725303046,3321.34893593227298,3321.80572227753282,3320.70759121396622,3322.35313836979639,3320.4320568867397,3320.52390921515416,5.00043335976624448,4.99987082841716201,0.625730098833257808,-5.00016405096516614,4.99982397048368288,4.99982397873487372,-0.00251049585146526869,-0.0023580512074784757,-0.00249868279958435566,-0.00243248304568289978,-0.00290283203124999971,-0.0022276265731315764,-0.00279870921471980522,-0.00270313659803883295,-0.00270747060202367485,-0.00266586159113458296,-0.00253432245354815551,-0.00273310232750740298,-0.00268780909652014928,-0.00279218410628623206,-0.00241199732283034051,-0.00261428904180762735,-0.00308267524669703389,-0.00291341133115589294,-0.0023787630480982592,-0.00231766478675689194,-0.00295270592279506554,-0.00265664303877071167,-0.00245768890442854028,-0.0024171272404444168,-4.63987814238851825,5.00029275891706071,-5.00091408392384196,-5.00065637306995114,4.99991771110885352,-0.0000039093640580548319,0.0000500348689503530539,0.0000218123075510331608,0.000066238190690807964,0.0000258525180312880887,-0.00000732215939267081118,0.00013413198107126113,-0.0000247476025416575481,0.0000377773646246757635,-0.0000198232211057827508,-5.00063279766880519,-5.00154709255989171,5.00055064035444196,4.99935526994195722,4.99961300082820248,5.00076156385513926,5.00005834824183814,4.99954267101613503,-3.9253870424042625,5.00008178710937478,-0.00299915476534606254
4/23/2014 2:56:47.575 PM,271,3316.97411455803012,3320.94901373007314,3321.31491425266767,3319.38489447275742,3318.36763528035908,3319.93782967003471,3320.03003077946687,3320.03011160430105,3320.76489791898166,3317.25328147511663,3318.83071229556071,3318.08970983600511,3319.38489454034652,3318.6455357957443,3318.92305806927652,3318.83052228826,3317.53253731331005,3321.13190181037543,3320.30604690805648,3319.20027658134222,3320.30593170662132,3319.10791790651183,3320.48946305559911,3320.39782046714526,3321.31491425266767,3320.21400382898946,3320.76528560530778,3319.93800297107645,3320.02988938455973,3319.47713889852593,3318.64558194056007,3319.75372024954595,3320.31563569728859,3320.49942337190259,3320.40750015769435,3320.9582669230308,3321.3249652610134,3320.31573660449021,3320.49947518600174,3321.32465581937913,3318.84051419870365,3320.59120954186119,3321.87314505588165,3320.86626143740341,3320.59135337565521,3319.76346607064215,18.1189542426623191,18.159709228209806,17.8078974451239276,18.2330963459414228,20.2396413848713656,17.9464201799345915,17.7218518000129457,17.9397814354599809,16.3067305453439246,16.4386491213526185,16.3402376432441194,16.6061056627953114,16.5642651269157497,16.5479673367556224,16.6205030238060694,16.8616734810507331,17.7213162376438014,17.7413172256277782,17.5153459181665703,17.5439367802630315,17.6438848858334047,17.5179304826479907,17.5309212823595573,17.5777830201835208,3321.34868231300879,3321.80546920331562,3320.70733683307116,3322.35288595163137,3320.4318021799263,3320.52365461690306,5.00043335976624448,4.99987082841716201,0.624017074883208567,-5.00016405096516614,4.99982397048368288,4.99982397873487372,-0.0025033240525168558,-0.0023623238686969702,-0.00249807241941028477,-0.00243889218773195001,-0.002902984619140625,-0.00223327192814567728,-0.00279703098392413601,-0.00270710434816580099,-0.0027031976403484783,-0.00265731686952649536,-0.00252882851690081458,-0.00273233933440632584,-0.00267987415425723075,-0.00279599898237417382,-0.00241916744124286284,-0.00261077927354267129,-0.00309640912251642718,-0.00295614295118730441,-0.00237220115362377733,-0.00232987410725448525,-0.00295484220333289052,-0.00266366158824770131,-0.00245723109783729755,-0.00242078969317436037,-4.64256670767947277,5.00029275891706071,-5.00091408392384196,-5.00065637306995114,4.99991771110885352,0.0000127951150076593665,0.0000503689737861650898,0.0000406893409648629142,0.0000658247550264012892,0.0000269651271371862533,-0.00000472126735839920026,0.000139915965873573997,-0.0000244621472199643625,0.0000336009035438607399,-0.0000196477943703333438,-5.00063279766880519,-5.00154709255989171,5.00055064035444196,4.99935526994195722,4.99961300082820248,5.00076156385513926,5.00005834824183814,4.99954267101613503,-3.92443737988844265,5.00008178710937478,-0.00303074119901247663
4/23/2014 2:56:48.575 PM,272,3316.9746974081936,3320.94958613198605,3321.31548567480013,3319.38547102829125,3318.36821450764409,3319.93840476358173,3320.0306056285558,3320.03068645317534,3320.76547081273338,3317.25386360289576,3318.83129030947384,3318.09028978924016,3319.38547109588034,3318.64611429543583,3318.92363584065015,3318.83110030267198,3317.53311871678124,3321.13247372295245,3320.30662102417,3319.20085362347936,3320.30650582304133,3319.10849519179419,3320.49003668367868,3320.39839433916358,3321.31548567480013,3320.21457818972112,3320.76585849802495,3319.93857806416372,3320.03046423402338,3319.47771521064123,3318.64616044013064,3319.75429583065533,3320.31642580534935,3320.50021280689497,3320.40828992946126,3320.95905467298143,3321.32575165949992,3320.31652671218171,3320.50026462080404,3321.32544221900752,3318.84130967073679,3320.59199864031461,3321.87392942601673,3320.86704952576701,3320.59214247358113,3319.76425819448104,18.1234255125038004,18.1985654708924329,17.83664043936718,18.2494313485241299,16.9164587656181133,17.9769818626908098,17.750968064605324,17.9600659119835093,16.3169164969215465,16.4474671206238518,16.3386997473813942,16.6363121480647749,16.56752469223186,16.5452866824166804,16.6157654374681591,16.8565577845765802,17.7250076293204444,17.7424975462803651,17.5191903590171485,17.5504436577302947,17.6444565264763469,17.5170563915007733,17.5375042334461639,17.5893866333460202,3321.34908550135605,3321.80587152516182,3320.70774123224009,3322.3532872305027,3320.43220709723164,3320.52405936161858,5.00043335976624448,4.99987082841716201,0.623532783619517916,-5.00016405096516614,4.99982397048368288,4.99982397873487372,-0.00250896993679539365,-0.00236308684391455881,-0.00250600736167320374,-0.00244087596979475135,-0.00290954589843749967,-0.00224471521533642143,-0.00279779381610398541,-0.00271595548306442173,-0.00271189616947298522,-0.00265975821855737784,-0.0025349328909534158,-0.00272760877717964558,-0.00268170529477944255,-0.00280545987507226915,-0.0024264901153662902,-0.00261001628044159372,-0.00307840248533100026,-0.00293218272138397705,-0.00241599798418601743,-0.00233948894714634034,-0.00296262436814925334,-0.00267342652665046978,-0.00245875711980810723,-0.00243681292386786286,-4.64321038201988134,5.00029275891706071,-5.00091408392384196,-5.00065637306995114,4.99991771110885352,-0.000000044268472348138225,0.0000506237477933824866,0.0000440901682023507968,0.0000654082681762794362,0.0000247109108828493677,-0.0000045626205715579994,0.00012010085804422567,-0.0000266206168716978768,0.0000345271409848745215,-0.0000203022123660532974,-5.00063279766880519,-5.00154709255989171,5.00055064035444196,4.99935526994195722,4.99961300082820248,5.00076156385513926,5.00005834824183814,4.99954267101613503,-3.92307010389161448,5.00008178710937478,-0.00300419028375665045
4/23/2014 2:56:49.575 PM,273,3316.97506169215194,3320.94994388603117,3321.31584281650566,3319.38583137825298,3318.36857652738808,3319.93876419983598,3320.03096491202904,3320.03104573651489,3320.7658288741668,3317.25422743538047,3318.83165157088842,3318.09065226268603,3319.38583144584208,3318.64647586045021,3318.92399695048379,3318.83146156439806,3317.53348209659088,3321.13283117117498,3320.30697984955077,3319.20121427755657,3320.30686464861355,3319.10885599783159,3320.49039520404994,3320.39875301199117,3321.31584281650566,3320.21493716798295,3320.76621655881172,3319.93893750013057,3320.03082351773127,3319.47807540847225,3318.64652200506952,3319.75465557162442,3320.31696778149444,3320.50075432135418,3320.40883167492847,3320.9595950316002,3321.32629109109211,3320.3170686880735,3320.50080613513273,3321.32598165138324,3318.84185532625451,3320.59253992392723,3321.87446746627756,3320.86759011651747,3320.59268375683223,3319.76480155333229,18.1335411843581831,18.2124888245422269,17.8618250507457361,18.2640353945155347,17.5869220713609522,17.9937178133570157,17.7679321258283664,17.9802157197112358,16.3233900251963249,16.4447289407418751,16.3393120402168392,16.6181216544615466,16.5701931803414766,16.5514585026017507,16.6198051425612974,16.8492522723034987,17.7216917620915772,17.7425295677329942,17.5273663993688444,17.5611286005024674,17.6492069301138414,17.5273630180428554,17.5498630330161163,17.5943644278239191,3321.34939114523149,3321.8061765121879,3320.70804779397622,3322.35359142690413,3320.43251405173941,3320.52436618529509,5.00043335976624448,4.99987082841716201,0.623125240467243713,-5.00016405096516614,4.99982397048368288,4.99982397873487372,-0.0024961522535684429,-0.0023571356372173698,-0.00248143955966685951,-0.00241295042229531772,-0.00288208007812499993,-0.00222411729839308179,-0.00278574106766236009,-0.00269703236707426663,-0.00269907728444739644,-0.00263732832433614863,-0.00251402540982325652,-0.00271280671101874378,-0.00266232572425269916,-0.00276456440340953468,-0.00239292785896724931,-0.00259429862255939909,-0.00307229854052238098,-0.00292821478523820318,-0.00236594446354345756,-0.00229568800986122441,-0.00294889113612037792,-0.00264642036888031304,-0.00244517552426790031,-0.00241666943385317407,-4.64297394579666722,5.00029275891706071,-5.00091408392384196,-5.00065637306995114,4.99991771110885352,-0.0000215862230163816542,0.0000502606566932762582,0.0000243995616657288374,0.000065998672612166458,0.0000311988413481073892,-0.00000319429203505264148,0.000129703188486482256,-0.0000254345271125769864,0.0000357402526250820269,-0.0000200047496407260476,-5.00063279766880519,-5.00154709255989171,5.00055064035444196,4.99935526994195722,4.99961300082820248,5.00076156385513926,5.00005834824183814,4.99954267101613503,-3.92207787134978058,5.00008178710937478,-0.00297931787463768692
4/23/2014 2:56:50.575 PM,274,3316.97554519644427,3320.95041872336105,3321.3163168410947,3319.38630966106711,3318.36905702645526,3319.93924126991169,3320.03144177932381,3320.03152260363185,3320.76630411948372,3317.2547103404463,3318.83213106344692,3318.09113336393875,3319.38630972865576,3318.64695575596852,3318.92447624185342,3318.83194105737084,3317.53396440083315,3321.13330560259419,3320.30745610883286,3319.201692964014,3320.30734090814985,3319.10933488598129,3320.49087105850139,3320.39922906879337,3321.3163168410947,3320.21541363017922,3320.76669180327007,3319.93941456982565,3320.03130038533709,3319.47855348936718,3318.64700190048779,3319.75513304613969,3320.31706572592838,3320.50085218233607,3320.40892957766618,3320.95969268365843,3321.32638857558595,3320.31716663246152,3320.50090399609143,3321.32607913601896,3318.84195393575282,3320.59263774318287,3321.87456469928201,3320.86768781053433,3320.59278157602239,3319.7648997476972,18.1366655402875558,18.2286980622563348,17.8702762833098561,18.2771217761209854,13.7588587144058607,18.0021673580311621,17.7946356851985925,17.9958076081275742,16.3517908323731902,16.4713102561039122,16.3468580623990007,16.620336271274919,16.5752264537053548,16.5469719249799638,16.6204975519599003,16.847432192498669,17.7300976040322027,17.7547389506319035,17.5314363006022376,17.5687739979138051,17.6567009699578108,17.5369886518920133,17.5585734882003308,17.5899116370206059,3321.34961224948074,3321.80639714127164,3320.70826956220571,3322.3538114840494,3320.43273610410051,3320.52458814301326,5.00043335976624448,4.99987082841716201,0.62186553389098953,-5.00016405096516614,4.99982397048368288,4.99982397873487372,-0.00252331353469221944,-0.00235591487686922846,-0.00249669906401862613,-0.00244560652702143161,-0.00290603637695312483,-0.00224807191291237322,-0.00278955522856160886,-0.00270710434816580099,-0.00270243461147790789,-0.00264984023811941924,-0.00252989678236001988,-0.00273462831370955813,-0.00268414681547572524,-0.00280240797420191557,-0.00241398054707210206,-0.00260452273011383632,-0.00307779209085013838,-0.0029619422424772817,-0.00238120468325155521,-0.00232865317520472613,-0.00296277695961624094,-0.00265923685053394681,-0.0024611987549614028,-0.00242368913491889868,-4.64254167505157955,5.00029275891706071,-5.00091408392384196,-5.00065637306995114,4.99991771110885352,-0.0000265641364069778374,0.0000498182347645753841,0.0000225831413728156457,0.0000660322356550334313,0.000021875207564936074,-0.0000061292575916148586,0.0000899722490818878044,-0.0000290263793689623914,0.0000355388303150098401,-0.0000202228889726326965,-5.00063279766880519,-5.00154709255989171,5.00055064035444196,4.99935526994195722,4.99961300082820248,5.00076156385513926,5.00005834824183814,4.99954267101613503,-3.92159174911722896,5.00008178710937478,-0.00301899165605443859
4/23/2014 2:56:51.575 PM,275,3316.97520740454501,3320.95008698634774,3321.31598567187575,3319.38597551698058,3318.36872133405677,3319.93890797306448,3320.03110862414269,3320.03118944857487,3320.76597209744386,3317.25437296717655,3318.83179607421243,3318.09079725084348,3319.38597558456967,3318.6466204852195,3318.92414139317315,3318.83160606784713,3317.53362744730884,3321.13297414915678,3320.30712337841987,3319.20135853793499,3320.30700817755951,3319.109000318997,3320.49053861090988,3320.39889647983591,3321.31598567187575,3320.21508075800693,3320.76635978183003,3319.93908127324448,3320.03096722993859,3319.47821948634464,3318.6466666298088,3319.75479946674431,3320.31750322404741,3320.50128930776554,3320.4093668895739,3320.96012887605138,3321.3268240196503,3320.31760413037591,3320.50134112141586,3321.32651458071541,3318.84239440399551,3320.59307468226506,3321.87499902021318,3320.86812419031275,3320.59321851481218,3319.76533836198677,18.1369602421174107,18.2384249938862162,17.8807650890352931,18.2853251555618819,12.8601030813099442,18.0176736495718757,17.8044373933337034,18.0082659525814712,16.3380034793853497,16.4585846302882182,16.3479146129701611,16.6277106032189437,16.5639456048786791,16.546200943854668,16.6130234005844208,16.8608214468991733,17.7402742077262729,17.7668172014500385,17.5361360403001818,17.5754512541798213,17.6668032510477388,17.5448849349222051,17.558098034908582,17.6076200639831803,3321.35012598909497,3321.80690977679023,3320.7087848446481,3322.35432279061024,3320.43325204675193,3320.52510386575113,5.00043335976624448,4.99987082841716201,0.621168392497226773,-5.00016405096516614,4.99982397048368288,4.99982397873487372,-0.00251095362586623103,-0.00235545709173867529,-0.00248647519610294262,-0.00243034666499988318,-0.00288818359375000002,-0.00222015029216695702,-0.00278680903271414987,-0.00268528172246747677,-0.00269571995741688499,-0.00264144810082576204,-0.0025215032680376932,-0.00271494309170176038,-0.00267041326155913542,-0.00278348618880572534,-0.0023994877545361528,-0.00259933437702650986,-0.00306588939847333032,-0.00293355623774212973,-0.00240256899084289157,-0.00232560084508032792,-0.00295713107533770309,-0.00265496468998273555,-0.00245433165609275882,-0.00242597816787511363,-4.64257968190734438,5.00029275891706071,-5.00091408392384196,-5.00065637306995114,4.99991771110885352,-0.0000337050989464469933,0.0000493269938644316661,0.0000106695612163556152,0.0000661313991907767283,0.0000252328756485793706,-0.0000091755809889406114,0.0000367656933700578258,-0.0000333723221543126919,0.000051475607636176121,-0.00002191918923193477,-5.00063279766880519,-5.00154709255989171,5.00055064035444196,4.99935526994195722,4.99961300082820248,5.00076156385513926,5.00005834824183814,4.99954267101613503,-3.92163660785431967,5.00008178710937478,-0.00307010979749525355
4/23/2014 2:56:52.575 PM,276,3316.97573065039932,3320.9506008530252,3321.316498659025,3319.38649311227709,3318.36924132772901,3319.9394242559656,3320.0316246875991,3320.03170551183893,3320.76648640563507,3317.25489556456204,3318.83231497866563,3318.09131789618595,3319.38649317986619,3318.64713982574585,3318.92466007990424,3318.8321249727478,3317.53414939449794,3321.13348757656786,3320.30763878389962,3319.20187657004498,3320.30752358331392,3319.10951856937345,3320.49105357829148,3320.39941166619701,3321.316498659025,3320.21559638307553,3320.76687408909219,3319.93959755573359,3320.03148329373152,3319.47873686312959,3318.64718597022647,3319.7553161873202,3320.31709184502278,3320.50087827917923,3320.40895568564292,3320.95971872479549,3321.32641457204499,3320.31719275154364,3320.50093009292822,3321.32610513251575,3318.8419802321755,3320.59266382890018,3321.87459062868538,3320.86771386285954,3320.59280766172241,3319.76492593343118,18.1517422693755783,18.2509315170247461,17.8999678654620879,18.2953184654038914,14.4689979516934333,18.0211277631305187,17.8110859948726521,18.0235019541083083,16.3636879155793231,16.4860279735692785,16.3410163734219829,16.6295695779214121,16.5735733379036176,16.5461565248916074,16.6172445411211171,16.8549910863146266,17.7418378070815876,17.7666306768048976,17.5306979344624558,17.5735144620105181,17.6635727035359018,17.5484276166185857,17.5659009808081059,17.6030969271306148,3321.35035359488983,3321.80713689342383,3320.70901313398098,3322.35454931845924,3320.43348062858558,3320.52533235015334,5.00043335976624448,4.99987082841716201,0.620065386339312297,-5.00016405096516614,4.99982397048368288,4.99982397873487372,-0.00249935667437518059,-0.00235896677773958161,-0.00249456273340937845,-0.00242653169949449618,-0.00288986206054687479,-0.00223449254544602323,-0.00279397965520473707,-0.00270008448255655001,-0.00271449046763292583,-0.0026507557440059999,-0.00252882851690081458,-0.00271845285996671687,-0.00267483851782114764,-0.00280408651968061008,-0.00240986154287767436,-0.00260635391355642197,-0.00307321413224367381,-0.0029231785585916441,-0.00238868219090852298,-0.00230301360215978039,-0.00297300058790440393,-0.00265832138755868735,-0.00245829931321686407,-0.00240842891521080103,-4.64238690014496935,5.00029275891706071,-5.00091408392384196,-5.00065637306995114,4.99991771110885352,-0.000019610933250226654,0.0000496077029502280774,0.0000188022396370627337,0.000065867471626413797,0.000029414698625480566,-0.00000941660206894935884,0.0000527334593295827496,-0.0000320824304600306394,0.0000479003616323947574,-0.0000220610560701677664,-5.00063279766880519,-5.00154709255989171,5.00055064035444196,4.99935526994195722,4.99961300082820248,5.00076156385513926,5.00005834824183814,4.99954267101613503,-3.92196847096034595,5.00008178710937478,-0.00301960202192238896
4/23/2014 2:56:53.575 PM,277,3316.97645258928651,3320.95130985028117,3321.31720644268534,3319.3872072543786,3318.36995877917115,3319.94013658718995,3320.03233671602765,3320.03241754000191,3320.76719601210379,3317.2556166086747,3318.8330309271746,3318.09203624681958,3319.38720732196725,3318.64785637596014,3318.92537572799483,3318.83284092187477,3317.53486954145273,3321.13419596771291,3320.30834990443509,3319.20259131487273,3320.3082347042291,3319.11023361537081,3320.49176409432811,3320.40012248438643,3321.31720644268534,3320.21630780660552,3320.76758369427898,3319.94030988638906,3320.03219532262483,3319.4794507037227,3318.6479025202907,3319.75602912245904,3320.31768605863817,3320.50147198660352,3320.40954964634374,3320.96031116495851,3321.32700599581812,3320.31778696488163,3320.50152380020972,3321.32669655714789,3318.84257847984872,3320.59325728322528,3321.87518052700579,3320.86830655753101,3320.59340111565052,3319.76552166304372,18.1630425142508756,18.27509086984848,17.9256516290532559,18.3029699984387371,17.6765768520628867,18.0366149441835084,17.8198035645405106,18.0360929939160108,16.3559708182446002,16.4611763485540976,16.3393122924736787,16.6057902404934658,16.5708788015558035,16.5491739595006457,16.6028956079941707,16.8627274754205914,17.7439211385896733,17.7643775052355615,17.5448073183665052,17.5822180453622465,17.6692333081838626,17.5524142536770604,17.5627343499651935,17.6089844870054577,3321.35047715314976,3321.80726018614996,3320.70913706328929,3322.35467229157257,3320.43360471667301,3320.52545638535184,5.00043335976624448,4.99987082841716201,0.618291787836117046,-5.00016405096516614,4.99982397048368288,4.99982397873487372,-0.00250530774158769362,-0.00236629133982842969,-0.00250142951036767336,-0.00244347014633841458,-0.00291046142578124971,-0.0022320513108453309,-0.00279901434759174516,-0.00271702372348322108,-0.0027050289096378485,-0.00265518068912447367,-0.00253706942187182597,-0.00273706989163300567,-0.00268597795599793748,-0.00279020037072050253,-0.002410166654299484,-0.00261032147768202466,-0.00307962327429272403,-0.00293706633510185285,-0.00235449929876238411,-0.00230911826240857683,-0.00295011186785627778,-0.00266900178893671528,-0.002465013809888427,-0.00243482909530581002,-4.64171987219439153,5.00029275891706071,-5.00091408392384196,-5.00065637306995114,4.99991771110885352,-0.00000884758847344233397,0.0000498319651002936926,0.0000305479153966988553,0.0000651809548404986563,0.0000254022852655268292,-0.00000808793522915429965,0.0000877349610290670464,-0.0000300231832463188185,0.000040405010215162968,-0.0000206820493845480963,-5.00063279766880519,-5.00154709255989171,5.00055064035444196,4.99935526994195722,4.99961300082820248,5.00076156385513926,5.00005834824183814,4.99954267101613503,-3.92254797260480004,5.00008178710937478,-0.00303058860754548947
4/23/2014 2:56:54.575 PM,278,3316.97690297391,3320.95175216129428,3321.31764799659959,3319.38765277499351,3318.37040636431129,3319.94058097809284,3320.03278091803167,3320.0328617418404,3320.7676387031729,3317.2560664350949,3318.83347757471301,3318.09248439291832,3319.3876528425817,3318.64830339887112,3318.92582218811821,3318.83328756979881,3317.53531880818309,3321.13463790060541,3320.30879354005219,3319.20303721149684,3320.30867834008268,3319.11067969987925,3320.49220735283006,3320.40056593138524,3321.31764799659959,3320.21675163124473,3320.76802638454864,3319.94075427693678,3320.03263952491852,3319.47989603624182,3318.64834954310845,3319.75647389011283,3320.31820191243377,3320.50198740094902,3320.41006528057141,3320.96082547912965,3321.32751942761069,3320.31830281843622,3320.50203921443108,3321.32720998968625,3318.8430978358142,3320.59377247784232,3321.8756926344754,3320.86882109265434,3320.59391630992286,3319.76603883295274,18.1665208404328595,18.2918816819073129,17.9400100806312501,18.3150417062504474,18.4344831167070495,18.0534801049702729,17.8486091709112706,18.0628332143759991,16.3594534499745485,16.4693045766506749,16.3425676965802964,16.6282274649589574,16.5730680186316697,16.5448135835568202,16.6054660089876513,16.8400209584741169,17.7474767178199073,17.7751606006983671,17.5509519149342239,17.586534830885796,17.6753768639933781,17.5550576326652816,17.5745838297439256,17.613148551535204,3321.3508998518514,3321.80768197643965,3320.70956103137723,3322.3550929884409,3320.43402922795849,3320.52588071570016,5.00043335976624448,4.99987082841716201,0.617344414031373523,-5.00016405096516614,4.99982397048368288,4.99982397873487372,-0.00248653899114822984,-0.00235637266199978119,-0.00248082917949278862,-0.00241798617676242892,-0.00288787841796874986,-0.00222488018420579801,-0.00278650389984220993,-0.00269031771301324373,-0.00268442713013243746,-0.00263824383022272929,-0.00252119804933506305,-0.00271021253447508055,-0.00267392294756004173,-0.00276822668445395872,-0.00238209640349301309,-0.00258895767085185694,-0.00306176923572751237,-0.00291890539658850277,-0.00238395152279901245,-0.00230896564590235684,-0.00293958305663414004,-0.00265420180417001933,-0.00243678240342844665,-0.00242155270415976521,-4.64005031802427314,5.00029275891706071,-5.00091408392384196,-5.00065637306995114,4.99991771110885352,-0.00000769355519429768149,0.0000499814732003374293,0.0000359529105708212088,0.000065310630233393735,0.0000219469395649048174,-0.00000756928227217345093,0.0000765912520511017367,-0.0000299300668044830742,0.000035894371210819081,-0.0000209062905159486384,-5.00063279766880519,-5.00154709255989171,5.00055064035444196,4.99935526994195722,4.99961300082820248,5.00076156385513926,5.00005834824183814,4.99954267101613503,-3.92271947335476456,5.00008178710937478,-0.00303516635155511461
4/23/2014 2:56:55.575 PM,279,3316.97743946273294,3320.95227903314025,3321.31817396661745,3319.38818346999414,3318.37093951849601,3319.94111032742375,3320.03331004235406,3320.03339086596497,3320.76816602772714,3317.25660225900719,3318.8340096120628,3318.09301821529561,3319.38818353758233,3318.64883588334987,3318.9263540022257,3318.83381960760789,3317.53585396541439,3321.13516432204778,3320.30932198971504,3319.20356835438588,3320.30920679002747,3319.11121106656855,3320.49273535328757,3320.40109415637425,3321.31817396661745,3320.21728030606436,3320.76855370815019,3319.94128362584524,3320.03316864958606,3319.48042650719071,3318.64888202747579,3319.75700368821526,3320.31870470759349,3320.50248976778812,3320.4105678617243,3320.96132677365949,3321.3280198621087,3320.31880561336083,3320.50254158114967,3321.32771042491094,3318.84360404444441,3320.59427463051815,3321.87619177819169,3320.86932260253979,3320.59441846226309,3319.76654291089289,18.1699880318099041,18.3040211118487015,17.954965995624029,18.3269499832284701,18.6722453993873678,18.0663794374541879,17.8606713431806234,18.0800591905811032,16.3435141394438013,16.4743759257240292,16.3490864222300622,16.620661076525959,16.5759314649402754,16.5500381135424774,16.602845922576158,16.8660277440878516,17.7561356101286485,17.7822975549975126,17.5581673605708026,17.5970965093214389,17.6818302374448173,17.5649365440723812,17.5851453655613916,17.6196005245022249,3321.35132905245382,3321.80811025463845,3320.70999152091644,3322.35552015637768,3320.43446026906122,3320.5263115730786,5.00043335976624448,4.99987082841716201,0.617510879616971153,-5.00016405096516614,4.99982397048368288,4.99982397873487372,-0.00249554188770049297,-0.0023722425465256187,-0.00249807241941028477,-0.00242897327741794372,-0.00290069580078124991,-0.00222243894960510568,-0.00279062319361339821,-0.00270664653084345822,-0.0027031976403484783,-0.00264724630477410679,-0.00253325418808895021,-0.00272837177028072316,-0.00267590668312577126,-0.00277967131271778358,-0.00240055564451248588,-0.00260116556046909551,-0.00307275633638302717,-0.00293218272138397705,-0.00237128554044129143,-0.00234696715595111589,-0.00295728366680469068,-0.00266213581662226887,-0.00243846102759633738,-0.00242414694151014184,-4.63871381991551867,5.00029275891706071,-5.00091408392384196,-5.00065637306995114,4.99991771110885352,-0.0000104763629560446421,0.0000497205968216896761,0.0000339609538630466612,0.0000649978836975879531,0.0000125653096966523876,-0.0000132073450045299758,-0.00002328092035864979,-0.0000375808800254791068,0.0000488403324127316383,-0.0000237329491314942673,-5.00063279766880519,-5.00154709255989171,5.00055064035444196,4.99935526994195722,4.99961300082820248,5.00076156385513926,5.00005834824183814,4.99954267101613503,-3.92281086921706823,5.00008178710937478,-0.00296527945967483588
4/23/2014 2:56:56.575 PM,280,3316.9772805013672,3320.95212292108863,3321.31801812175899,3319.38802622521962,3318.37078154511573,3319.94095348134396,3320.03315326293977,3320.03323408660935,3320.76800978154733,3317.25644349464119,3318.8338519695776,3318.09286004394334,3319.38802629280826,3318.64867810838995,3318.9261964258826,3318.83366196498673,3317.53569539857198,3321.13500834344131,3320.30916541018859,3319.20341097691152,3320.30905021041735,3319.11105362278658,3320.49257890685112,3320.40093764341372,3321.31801812175899,3320.2171236598283,3320.76839746225232,3319.94112677989051,3320.03301187006945,3319.48026932879838,3318.64872425254861,3319.75684670917326,3320.3187961226863,3320.50258110499362,3320.4106592379012,3320.96141791587251,3321.32811084793138,3320.3188970284109,3320.50263291833289,3321.32780141086596,3318.84369608025281,3320.59436592877955,3321.87628252929471,3320.86941378391429,3320.59450976046355,3319.76663455925017,18.1739431702276946,18.3179417602417587,17.9666822593316731,18.3328066497341702,20.4768118181999448,18.0751269542521449,17.8784689803583845,18.0954163813922548,16.3693965935629961,16.4864080362345469,16.3559416518901877,16.6211954720554438,16.5823302458067125,16.5524766662933729,16.6116067376953609,16.8559040396923407,17.7658899689795113,17.7995831996498417,17.5671636373214532,17.607916824962615,17.6924996979205602,17.5808579942531047,17.6155196508673413,17.6348326071946744,3321.35161518262748,3321.80839576982907,3320.71027851044846,3322.35580493133602,3320.43474762633104,3320.52659880785586,5.00043335976624448,4.99987082841716201,0.618367315301626474,-5.00016405096516614,4.99982397048368288,4.99982397873487372,-0.00248623380821425509,-0.0023528629759988753,-0.00249593608880103752,-0.00243477202498613207,-0.0028964233398437499,-0.00223266161949550431,-0.00277963841022356266,-0.00269306461694729859,-0.00269892467867328218,-0.00264861956360397822,-0.00251417801917457181,-0.00271418009860068324,-0.00267117623677672403,-0.00276990522993265324,-0.00240665787294867513,-0.00259551941152112286,-0.00306741538467548546,-0.00294759662718102177,-0.0023900556106822516,-0.00229431446130524486,-0.00294950150198832785,-0.0026404698595411261,-0.00244639634184454788,-0.00241758504703565953,-4.6380611399345879,5.00029275891706071,-5.00091408392384196,-5.00065637306995114,4.99991771110885352,-0.0000248910934520273863,0.0000492171511786852387,0.0000107718302580574502,0.0000654433568120039918,0.00000750591437970805704,-0.0000151324627448530104,-0.0000239447814111579948,-0.0000386295848704161082,0.000045503130957217409,-0.0000234095537583179741,-5.00063279766880519,-5.00154709255989171,5.00055064035444196,4.99935526994195722,4.99961300082820248,5.00076156385513926,5.00005834824183814,4.99954267101613503,-3.92288136151821032,5.00008178710937478,-0.00300144363735087554
4/23/2014 2:56:57.575 PM,281,3316.97755205763815,3320.9523896095261,3321.31828435371744,3319.38829484882671,3318.37105141348956,3319.94122142381184,3320.03342109151481,3320.03350191508434,3320.768276699132,3317.25671471435362,3318.83412127264227,3318.09313025053734,3319.3882949164149,3318.64894763777829,3318.92646561594892,3318.83393126828377,3317.53596628083005,3321.13527480389757,3320.30943289727065,3319.20367982722609,3320.3093176976422,3319.11132258638281,3320.49284616655904,3320.40120501677256,3321.31828435371744,3320.21739126087823,3320.76866437935496,3319.94139472214419,3320.03327969881911,3319.48053783899649,3318.64899378188101,3319.75711487879652,3320.31910955500916,3320.5028942703193,3320.41097253682119,3320.96173041276461,3321.328422808715,3320.31921046058732,3320.50294608358353,3321.3281133721025,3318.84401164039354,3320.59467896060505,3321.87659368545792,3320.86972641505008,3320.59482279207941,3319.76694879120577,18.1789228391315625,18.3245203120703834,17.9721206463656919,18.3310190515796627,21.0071576977854519,18.0900708348379489,17.8839823080475142,18.0956061851307339,16.3467502169854022,16.484922695554598,16.3669450406625927,16.6156757067947005,16.5858706713684008,16.5631001475821371,16.6118726464821158,16.8624124287252179,17.7768770651215071,17.8142975702400505,17.5853841482567255,17.6274264859386882,17.7176427457153416,17.6009804302119903,17.6340396761581992,17.6544160801653049,3321.35218744976191,3321.80896680708747,3320.71085249617181,3322.3563744882399,3320.43532234747499,3320.52717328403378,5.00043335976624448,4.99987082841716201,0.618775163615377432,-5.00016405096516614,4.99982397048368288,4.99982397873487372,-0.00249004859488894271,-0.00236644393487194741,-0.00249608868384455524,-0.00243751880015001098,-0.00290039062499999976,-0.00222915234475700927,-0.00279214885797309789,-0.00268741820330507504,-0.00269633038051334158,-0.00264724630477410679,-0.00252074022128111804,-0.00271143332343680432,-0.00267834820382205395,-0.00277570384158632453,-0.00240543742726143702,-0.00259368822807853677,-0.00307290893500324286,-0.00292806217230951946,-0.00239402326780635685,-0.00230225051962868041,-0.00296048808761142836,-0.00263802862494043377,-0.00245662068904897333,-0.00243055623378754266,-4.63713569589240215,5.00029275891706071,-5.00091408392384196,-5.00065637306995114,4.99991771110885352,-0.00000860640162409728794,0.0000492064720286821152,0.0000267334327815811611,0.0000651382382404861485,0.00000342940008361203692,-0.0000164779095332562715,-0.000024071449152211284,-0.0000391027995748272799,0.0000415311440396574862,-0.0000232676869200849778,-5.00063279766880519,-5.00154709255989171,5.00055064035444196,4.99935526994195722,4.99961300082820248,5.00076156385513926,5.00005834824183814,4.99954267101613503,-3.92300296836671736,5.00008178710937478,-0.00296909424634952393
4/23/2014 2:56:58.575 PM,282,3316.97782361155577,3320.95265629538926,3321.3185505830811,3319.38856346994725,3318.37132127943414,3319.94148936376268,3320.03368891756736,3320.0337697410373,3320.76854361415326,3317.25698593169727,3318.83439057325176,3318.09340045471663,3319.38856353753544,3318.6492171647219,3318.92673480355415,3318.83420056912564,3317.53623716070387,3321.1355412617695,3320.30970038181567,3319.20394867506502,3320.30958518233001,3319.11159154750794,3320.49311342371856,3320.40147238758845,3321.3185505830811,3320.21765885939567,3320.76893129389418,3319.94166266188131,3320.03354752504674,3319.4808063467035,3318.64926330876778,3319.75738304591232,3320.31950787202868,3320.50329224801407,3320.41137068429907,3320.96212754095222,3321.32881925556739,3320.31960877742039,3320.50334406118236,3321.32850981953106,3318.84441266163776,3320.59507676863449,3321.8769891097254,3320.87012371384753,3320.59522059984328,3319.76734812447148,18.169452280327679,18.3307906319464671,17.9718495714190602,18.3374398095492381,20.5010702726798897,18.0936788400319131,17.8846240915424488,18.097539942277173,16.3612465647614869,16.4933317454755297,16.3716235711300619,16.6112180773873774,16.5912349642800123,16.5613816263802356,16.6214269701533404,16.8827725905612524,17.776929168202642,17.8340541283905942,17.5937318395623272,17.6382829429319976,17.7337513081049991,17.6256142053195788,17.6547869117670189,17.6782807628048566,3321.35171273004789,3321.80849310763642,3320.71037635077482,3322.3559020168409,3320.43484559199805,3320.52669673177251,5.00043335976624448,4.99987082841716201,0.619275628437338854,-5.00016405096516614,4.99982397048368288,4.99982397873487372,-0.00250546033305468078,-0.00235225259582480441,-0.00249685165906214342,-0.0024445383366799231,-0.00290863037109374964,-0.00224593583263676781,-0.00279687841748816604,-0.00270679913661757247,-0.00270273982302613597,-0.00265426518323789301,-0.00253325418808895021,-0.00273371272198826487,-0.00268231567495351344,-0.00280454430481116282,-0.00240986154287767436,-0.00261184746388417937,-0.00307702909774906081,-0.00294042381953289224,-0.00238837698651436087,-0.00232056450037507059,-0.0029652184230880411,-0.00265923685053394681,-0.00245402645169859671,-0.00243330307333500034,-4.63679836596773942,5.00029275891706071,-5.00091408392384196,-5.00065637306995114,4.99991771110885352,-0.00000725850296604870526,0.0000499448589717552914,0.0000331901200412641729,0.0000649536415047178629,0.0000036018621260900788,-0.0000176677604345652775,-0.0000263392595522737943,-0.0000388265032474130112,0.0000413739736007375181,-0.0000242668565872098489,-5.00063279766880519,-5.00154709255989171,5.00055064035444196,4.99935526994195722,4.99961300082820248,5.00076156385513926,5.00005834824183814,4.99954267101613503,-3.92255987390239546,5.00008178710937478,-0.00303089379047946422
4/23/2014 2:56:59.575 PM,283,3316.97818789298071,3320.95301404666452,3321.31890772199449,3319.3889238172328,3318.37168329656242,3319.94184879730755,3320.03404819832621,3320.03412902166201,3320.76890167282772,3317.25734976163266,3318.83475183202335,3318.09376292556362,3319.38892388482099,3318.64957872710465,3318.92709591073935,3318.83456182820873,3317.53660053794738,3321.13589870721034,3320.31005920446523,3319.20430932647741,3320.30994400517102,3319.11195235088598,3320.49347194134725,3320.40183105767892,3321.31890772199449,3320.21801783493128,3320.76928935192199,3319.94202209513878,3320.03390680603979,3319.48116654185287,3318.64962487107504,3319.75774278418339,3320.31965805812433,3320.50344230617202,3320.4115208064718,3320.9622772788166,3321.32896873654408,3320.31975896344602,3320.50349411930437,3321.32865930072512,3318.84456386732063,3320.59522676282313,3321.87713820515182,3320.87027351603728,3320.59537059393142,3319.76749869372724,18.1638010683861353,18.328407758440548,17.9739548797491046,18.3353618017674584,20.9355193841484883,18.094414530645988,17.8882498071872078,18.0996435725771931,16.3675401884462808,16.5187382609892062,16.3721318038825956,16.6184250250628089,16.5948654436352783,16.5673731428976758,16.6319132125934992,16.8988108682107416,17.7719507629017244,17.8372925247997216,17.5978087131032339,17.6358913828720496,17.737599361900255,17.6391273020412953,17.6403738729825719,17.6934632371448082,3321.35203137639609,3321.80881106913557,3320.71069595410927,3322.3562191540127,3320.43516560484749,3320.52701660821412,5.00043335976624448,4.99987082841716201,0.620002675655828672,-5.00016405096516614,4.99982397048368288,4.99982397873487372,-0.00250286627811589346,-0.00236690172000250014,-0.00250097172523712063,-0.0024428597518575527,-0.00291183471679687476,-0.00223708635720925881,-0.00279916691402771513,-0.00271595548306442173,-0.00269694080360979817,-0.0026507557440059999,-0.0025334067974402655,-0.00272394641029447427,-0.00268429941051924297,-0.00279981385846211559,-0.00240894620861224589,-0.00260910068872030089,-0.00307489271706604421,-0.00293431930238554793,-0.00239066601947057538,-0.00232102234989373015,-0.00295377406306397824,-0.00265893169620886032,-0.00245463686048692092,-0.00243223485795543339,-4.63706777199354469,5.00029275891706071,-5.00091408392384196,-5.00065637306995114,4.99991771110885352,-0.00000861708711742270059,0.0000498350162860088708,0.0000313630149230985551,0.0000651153543476223191,-0.00000213822408417466607,-0.0000196508452700802886,-0.0000657985500664166331,-0.0000428793582158376897,0.0000333048737851182809,-0.0000250417851229341746,-5.00063279766880519,-5.00154709255989171,5.00055064035444196,4.99935526994195722,4.99961300082820248,5.00076156385513926,5.00005834824183814,4.99954267101613503,-3.92091352773502821,5.00008178710937478,-0.00298954150292584991
4/23/2014 2:57:00.575 PM,284,3316.97866477036723,3320.95348237548114,3321.31937524917248,3319.38939554446778,3318.37215720977565,3319.94231932837055,3320.03451852937814,3320.0345993525384,3320.76937040405846,3317.25782604797814,3318.83522475247718,3318.094237432736,3319.38939561205552,3318.65005204501358,3318.92756863275235,3318.83503474907092,3317.53707623167656,3321.13636663566148,3320.31052893580999,3319.20478145184188,3320.31041373676635,3319.11242467518741,3320.49394127339155,3320.40230058930956,3321.31937524917248,3320.21848776641854,3320.76975808230599,3319.94249262582616,3320.03437713739822,3319.4816380699267,3318.65009818888484,3319.75821371416123,3320.31994536837646,3320.50372937166366,3320.411807994431,3320.96256373154392,3321.32925469781321,3320.32004627356354,3320.5037811847269,3321.32894526240943,3318.84485312817605,3320.59551370593271,3321.87742342881256,3320.87056009182879,3320.5956575368491,3319.76778673701528,18.1648048204857524,18.3285751550058578,17.9701665778886443,18.3307386155691461,19.984461781052854,18.1005900536344093,17.8838540786996773,18.0959342263821554,16.3745586263065128,16.5089310469080246,16.3750410458826572,16.6211806944184666,16.5951093434032693,16.5756132945992682,16.6397736815080144,16.8924312781645156,17.7762158553110652,17.8410249443760804,17.5851794803590629,17.6197650698760491,17.7355489729607321,17.6284771774808782,17.6199873309563912,17.6973476181693563,3321.3523045030256,3321.80908360876719,3320.71096990099067,3322.35649098709791,3320.43543990273246,3320.52729078918037,5.00043335976624448,4.99987082841716201,0.620143660258112961,-5.00016405096516614,4.99982397048368288,4.99982397873487372,-0.00250134036344601841,-0.00235820380252199343,-0.00249502051853993162,-0.00242683689673492712,-0.00289520263671874971,-0.00222274410393019217,-0.00279413222164070704,-0.00270481526155408846,-0.00269816164980271134,-0.00265365484598017228,-0.00252730242338766427,-0.00273020295372330881,-0.00267850079886557168,-0.00279050556080753798,-0.00240330164730877087,-0.00259994477150737174,-0.0030677205819159164,-0.00293477714117159868,-0.00238288330741944594,-0.00232560084508032792,-0.00296445546575310358,-0.00266213581662226887,-0.00245799410882270239,-0.00242170530635684627,-4.6374110547992311,5.00029275891706071,-5.00091408392384196,-5.00065637306995114,4.99991771110885352,0.00000554882403398255946,0.0000500333433574954648,0.0000434185506150551679,0.0000652358761833718632,-0.0000017917737864532894,-0.0000185586231606735596,-0.00000430212484372558228,-0.000039194389517616537,0.0000344264298298384281,-0.0000246939825517823122,-5.00063279766880519,-5.00154709255989171,5.00055064035444196,4.99935526994195722,4.99961300082820248,5.00076156385513926,5.00005834824183814,4.99954267101613503,-3.91869149444166709,5.00008178710937478,-0.00300388510082267571
4/23/2014 2:57:01.575 PM,285,3316.97932047587619,3320.95412632662055,3321.3200180980516,3319.39004416846546,3318.37280883951643,3319.94296630762119,3320.03516523361076,3320.03524605653046,3320.77001490852126,3317.25848094079856,3318.83587501716374,3318.0948898791762,3319.39004423605365,3318.65070285620458,3318.92821862458095,3318.83568501431864,3317.5377303096443,3321.13701003629466,3320.3111748154397,3319.20543062327215,3320.31105961674075,3319.11307412015821,3320.49458660397931,3320.40294619433052,3321.3200180980516,3320.21913392124634,3320.77040258560464,3319.9431396045602,3320.0350238420533,3319.48228642007688,3318.65074899994033,3319.75886124192356,3320.32006943450005,3320.50385333209715,3320.41193200774751,3320.96268742737902,3321.32937818143045,3320.32017033962984,3320.50390514513037,3321.32906874620584,3318.8449780365936,3320.59563761352001,3321.87754659392248,3320.87068384080385,3320.59578144435363,3319.76791111967259,18.1481827462724752,18.3187162071606515,17.9595457488677006,18.3250646611510355,18.7641607770627416,18.0886787959847126,17.8745288593919866,18.0846367795974814,16.3506850847584282,16.5026401764845829,16.3832942864193676,16.6186977527299078,16.5916353160105423,16.57137782617664,16.6280729274757739,16.8907094782682208,17.7684621237855147,17.8337284183813587,17.5772711695787507,17.5945104166620965,17.724826413031284,17.6129594084834693,17.5850701197866357,17.6815305517423376,3321.35240204907677,3321.8091809451871,3320.71106773997326,3322.35658807119307,3320.43553786706661,3320.52738871176052,5.00043335976624448,4.99987082841716201,0.619783264554005342,-5.00016405096516614,4.99982397048368288,4.99982397873487372,-0.00250301886958288105,-0.00236903805061174739,-0.00249944577480194384,-0.0024262265022540648,-0.00290649414062499984,-0.00224029047762266693,-0.00279199629153712792,-0.00270603610774700163,-0.0026983142555768256,-0.00265380743029460268,-0.00253935856214155143,-0.00272089443789016441,-0.00267941636912667758,-0.00277829795732612451,-0.0024023863130433424,-0.00260849029423943901,-0.00307061995570001058,-0.00293035136623977363,-0.00239677010735381453,-0.00232621131110520747,-0.00295835180707360338,-0.00264809871766828915,-0.00245860451761102617,-0.0024133121855173926,-4.636958788479423,5.00029275891706071,-5.00091408392384196,-5.00065637306995114,4.99991771110885352,0.0000133232836777440888,0.0000504864444361994558,0.0000479611277509456292,0.0000653304629405423863,0.00000277312859453630139,-0.0000166701162173138805,0.0000162439932020628231,-0.000035465152347047243,0.0000313547396012375316,-0.0000226956432175325698,-5.00063279766880519,-5.00154709255989171,5.00055064035444196,4.99935526994195722,4.99961300082820248,5.00076156385513926,5.00005834824183814,4.99954267101613503,-3.91568122905371618,5.00008178710937478,-0.00301792351578552632
4/23/2014 2:57:02.575 PM,286,3316.97937346228946,3320.95417836319666,3321.3200700455568,3319.39009658264194,3318.37286149657848,3319.94301858889002,3320.03521749265655,3320.03529831555624,3320.77006698980994,3317.25853386154085,3318.83592756391954,3318.09494260223346,3319.39009665022968,3318.65075544712226,3318.92827114928786,3318.83573756111945,3317.53778316454099,3321.13706202838557,3320.31122700785135,3319.20548308168508,3320.31111180918014,3319.11312660067506,3320.49463875202445,3320.40299836455187,3321.3200700455568,3320.21918613589559,3320.77045466679919,3319.9431918857872,3320.0350761011332,3319.48233881212445,3318.65080159084664,3319.75891356751617,3320.32019349963184,3320.50397729153337,3320.41205602006948,3320.96281112220504,3321.32950166402906,3320.32029440470341,3320.50402910453704,3321.32919222898408,3318.84510294405663,3320.59576152010822,3321.87766975799877,3320.87080758877255,3320.59590535085908,3319.76803550135173,18.1426612259667941,18.307336164636574,17.9552388185433855,18.3095811481166279,18.9147357200158339,18.0824715576343138,17.8572181263698972,18.076151632305379,16.353531221225392,16.5192683875870792,16.3825619422128632,16.5961182592487582,16.5866381510400629,16.5704928259548261,16.6251315813435312,16.8768069341981821,17.7531671154870096,17.8110547717464662,17.5602970330889434,17.5795945089791665,17.7144751320606737,17.5990304055718631,17.5610241589672995,17.6695844279681502,3321.35329296312238,3321.81006994451581,3320.71196132958448,3322.35747476584856,3320.43643260160888,3320.52828306492983,5.00043335976624448,4.99987082841716201,0.619819578769745139,-5.00016405096516614,4.99982397048368288,4.99982397873487372,-0.002483181978874505,-0.0023435546783442977,-0.00247838765879650636,-0.00242958367189880561,-0.00288696289062499983,-0.00222564307001851423,-0.00277826531229983294,-0.00268955468414267332,-0.00269098917841934611,-0.00262908877135692139,-0.00252486067376662396,-0.00270624497034947786,-0.00267224440208134765,-0.00277570384158632453,-0.00239719941887258162,-0.0025903310584337964,-0.0030605484467657886,-0.00293477714117159868,-0.00237937345688658342,-0.00230057173806026173,-0.00294599189824761498,-0.00265221830105695717,-0.00243983444737006601,-0.00241865326241522648,-4.6370789145657163,5.00029275891706071,-5.00091408392384196,-5.00065637306995114,4.99991771110885352,0.0000149688496498577604,0.0000508571635005936363,0.0000406008095556284842,0.0000655791345763294268,0.0000133864121643797036,-0.00000996423857352619582,0.000118339718608376316,-0.0000273044884445243406,0.0000343821779586862025,-0.0000199650879440157472,-5.00063279766880519,-5.00154709255989171,5.00055064035444196,4.99935526994195722,4.99961300082820248,5.00076156385513926,5.00005834824183814,4.99954267101613503,-3.91362505102299929,5.00008178710937478,-0.0029755030879629993
4/23/2014 2:57:03.575 PM,287,3316.9799761795025,3320.95477027570177,3321.32066094485526,3319.39069279047498,3318.37346046731318,3319.9436132848582,3320.03581193582658,3320.03589275850481,3320.77065941093405,3317.2591358317245,3318.83652527988624,3318.09554232368555,3319.39069285806272,3318.65135366544018,3318.92886861444139,3318.8363352776023,3317.53838438570574,3321.13765343486102,3320.31182069303986,3319.20607979272199,3320.31170549468561,3319.11372356315268,3320.49523193252889,3320.40359179731785,3321.32066094485526,3320.21978007404823,3320.77104708685328,3319.94378658128062,3320.03567054469112,3319.48293476823391,3318.6513998090395,3319.75950876768047,3320.32100972435318,3320.50479282092374,3320.41287189737386,3320.96362491081845,3321.33031405647625,3320.32111062904323,3320.50484463373095,3321.33000462261134,3318.84592471017185,3320.59657670182787,3321.87848005500382,3320.87162172699254,3320.59672053203348,3319.76885380852627,18.1389431060640227,18.2957819603152458,17.9516707184627648,18.3002349143183842,19.6560279316989046,18.078752106941824,17.8505327782541236,18.0673411126644794,16.3535386491203347,16.5013062904588636,16.3885090021517428,16.6082289482393293,16.5838274364294982,16.5704238624593394,16.6143987002922131,16.8753677060604623,17.7327541564632369,17.7834918190075015,17.5359959426239484,17.559789048868609,17.7033430224316071,17.5856900463797494,17.5462407759643142,17.6506951164696417,3321.35362461737077,3321.81040088598729,3320.7122939798437,3322.35780484937822,3320.43676567808233,3320.52861599943253,5.00043335976624448,4.99987082841716201,0.619666387708388666,-5.00016405096516614,4.99982397048368288,4.99982397873487372,-0.00249584707063446815,-0.00234981107512852172,-0.00249379975819179027,-0.00243797659601065718,-0.00289703369140624978,-0.00222884719043192278,-0.002783452571122811,-0.00269153855920615734,-0.00270579193850841891,-0.00262939393998578176,-0.00252226631479426835,-0.00271585868342305364,-0.00268399422043220752,-0.0028033235444630219,-0.0024023863130433424,-0.00260055516598823363,-0.00307474011844582852,-0.00292638343009399976,-0.00238013646787198826,-0.00232315898098080925,-0.00294309266037485248,-0.00265969458202157654,-0.00244853277260368178,-0.0024192636712035507,-4.63880433423467053,5.00029275891706071,-5.00091408392384196,-5.00065637306995114,4.99991771110885352,-0.00000792405655031731487,0.0000504498302076173178,0.0000300655718567319925,0.0000657561033478097738,0.0000090840183790204072,-0.0000110045953872348398,0.0000605364974019378052,-0.0000304429704841029186,0.0000373546829588424558,-0.000021220533189884097,-5.00063279766880519,-5.00154709255989171,5.00055064035444196,4.99935526994195722,4.99961300082820248,5.00076156385513926,5.00005834824183814,4.99954267101613503,-3.91314487943924538,5.00008178710937478,-0.0029874052223880245
4/23/2014 2:57:04.575 PM,288,3316.97993644240614,3320.95473125123862,3321.32062198721905,3319.39065348271015,3318.37342097731925,3319.94357407680945,3320.0357727444516,3320.03585356714438,3320.77062035292465,3317.25909614389911,3318.83648587265133,3318.09550278417737,3319.39065355029788,3318.65131422507192,3318.92882922374883,3318.83629587033328,3317.53834474728228,3321.1376144437736,3320.31178155165798,3319.20604045176787,3320.31166635328281,3319.11368420561439,3320.49519282443361,3320.40355267258473,3321.32062198721905,3320.21974091598167,3320.77100802891436,3319.94374737326325,3320.03563135329022,3319.4828954770719,3318.65136036867988,3319.75946952637741,3320.32106196094446,3320.50484501300525,3320.41292411172617,3320.96367699146822,3321.33036604775452,3320.32116286560995,3320.50489682579973,3321.33005661396464,3318.84597730148107,3320.59662887165404,3321.87853191214753,3320.87167383002179,3320.5967727018251,3319.76890617841991,18.1341973396873861,18.2868506357063047,17.94410778772626,18.3002793068565914,19.600522233966057,18.0688332220824037,17.8422109852669628,18.0602395832785056,16.3675134742258557,16.5097260698929595,16.3820805196876975,16.6083495803495182,16.5876034118101891,16.5658988569157053,16.6121579646082615,16.86658084131248,17.7202525789118219,17.756383348236902,17.5152702197836554,17.5350354693619721,17.680794435884998,17.5632155466023327,17.5315319742570637,17.6349229892611987,3321.35386522747057,3321.81064097895068,3320.71253531257389,3322.35804431988435,3320.43700732004163,3320.52885753838882,5.00043335976624448,4.99987082841716201,0.619383960761604957,-5.00016405096516614,4.99982397048368288,4.99982397873487372,-0.0025144632296069439,-0.00235972975295717022,-0.0024924264028001312,-0.00244148636427561324,-0.00290740966796874988,-0.00223769666585943178,-0.00279321682302488723,-0.00270695174239168673,-0.00269968770754385303,-0.00265350226166574232,-0.0025215032680376932,-0.00273127114406481733,-0.00267834820382205395,-0.00278196023837054855,-0.00241672654986838705,-0.00260208115219038878,-0.00308969478322694601,-0.0029309618179545081,-0.0023859353513610653,-0.00233903109762768034,-0.0029551473862668657,-0.00265847396472123059,-0.00246104615276432175,-0.00241514341188236396,-4.63864009577361269,5.00029275891706071,-5.00091408392384196,-5.00065637306995114,4.99991771110885352,-0.0000123539567832244344,0.0000500440225074985884,0.0000203133792084779055,0.0000660505427693245003,0.0000252038776060388141,-0.00000268936812693305024,0.000210454636466635419,-0.0000207054330665582907,0.0000369533642652895324,-0.0000177470838279858784,-5.00063279766880519,-5.00154709255989171,5.00055064035444196,4.99935526994195722,4.99961300082820248,5.00076156385513926,5.00005834824183814,4.99954267101613503,-3.91314686298884462,5.00008178710937478,-0.00298450598451526199
4/23/2014 2:57:05.575 PM,289,3316.98065175228839,3320.9554337376835,3321.32132327115186,3319.39136106701335,3318.37413184073875,3319.94427986677419,3320.03647823438541,3320.03655905681489,3320.77132344301799,3317.25981056717819,3318.83719524686421,3318.09621453857653,3319.39136113460062,3318.65202419549496,3318.92953830028727,3318.8370052451587,3317.53905828159759,3321.1383163296432,3320.31248614199057,3319.20674863329259,3320.31237094399102,3319.11439268555841,3320.49589681578845,3320.4042569633325,3321.32132327115186,3320.22044580654119,3320.77171111773759,3319.9444531626641,3320.03633684368424,3319.48360276262019,3318.65207033895421,3319.76017591474101,3320.32127091512848,3320.50505378918706,3320.41313297697252,3320.96388532201945,3321.33057402089343,3320.32137181969619,3320.50510560193151,3321.33026458740596,3318.84618767423626,3320.59683755883406,3321.87873934886283,3320.87188225007048,3320.59698138886551,3319.76911566570243,18.1406852062035924,18.2820837195985177,17.9224521763066029,18.2902667171988717,17.2689868992511215,18.0568416692915292,17.8433768721719659,18.0461249134259454,16.3552828735521274,16.5078478892846796,16.3656567619607784,16.5961947787423263,16.5808505422808601,16.5628011875470769,16.5995389725831046,16.8695750381810363,17.7075089904151781,17.7265974856764075,17.4942265480922216,17.516431477536468,17.6513826639151681,17.5463589153095079,17.5015144305715431,17.6189854009251299,3321.35426841536309,3321.81104330033531,3320.71293971129625,3322.35844559828683,3320.43741223690358,3320.52926228266005,5.00043335976624448,4.99987082841716201,0.618930643387810009,-5.00016405096516614,4.99982397048368288,4.99982397873487372,-0.00250652847332359348,-0.00236034013313124068,-0.0024896796920168135,-0.00243217784844246884,-0.0028964233398437499,-0.00223601831707145567,-0.00279123345935727808,-0.00269443806891432602,-0.00270655496737898975,-0.00265060315969156994,-0.00253111765717054004,-0.00273066074958395544,-0.00268613055104145477,-0.00279355746167789113,-0.00240208120162153319,-0.00260452273011383632,-0.00307443492120539758,-0.00294561265910813506,-0.0023657918613463765,-0.00232086973338751059,-0.00295407924599795299,-0.00266671313149856662,-0.00245845191541394512,-0.00244230660296277779,-4.63855049728231083,5.00029275891706071,-5.00091408392384196,-5.00065637306995114,4.99991771110885352,-0.0000022897485697314504,0.0000500241898003499304,0.0000331473807402544551,0.0000657255914906579921,0.0000277282335198324581,-0.000000552212854197257159,0.000191364434384278811,-0.0000203619707810985716,0.0000406155880847838968,-0.0000175243681464588104,-5.00063279766880519,-5.00154709255989171,5.00055064035444196,4.99935526994195722,4.99961300082820248,5.00076156385513926,5.00005834824183814,4.99954267101613503,-3.91482067368912423,5.00008178710937478,-0.003037150040625952
4/23/2014 2:57:06.575 PM,290,3316.98093655412094,3320.9557134341253,3321.32160248883792,3319.39164279306396,3318.37441487230307,3319.94456087844537,3320.03675912660537,3320.03683994893026,3320.77160337979012,3317.26009501602857,3318.83747768553121,3318.09649792486607,3319.39164286065124,3318.65230687153098,3318.9298206204412,3318.83728768406945,3317.53934237652492,3321.13859578697793,3320.31276667605288,3319.20703059711468,3320.31265147820295,3319.11467476819007,3320.49617711137943,3320.40453737812094,3321.32160248883792,3320.22072646013293,3320.77199105400404,3319.94473417411063,3320.03661773608792,3319.48388436972754,3318.65235301493066,3319.7604571646525,3320.32185859465198,3320.50564096806192,3320.41372040635087,3320.96447124750693,3321.33115894111915,3320.32195949894548,3320.50569278066495,3321.3308495084816,3318.84677934365117,3320.59742448738052,3321.8793227603378,3320.87246842728063,3320.59756831701952,3319.76970484462526,18.1296259138108162,18.2777133536050975,17.9223418085775492,18.2797379109624458,16.9483508439294788,18.0536127888686408,17.8398440547495163,18.0393248940797868,16.3570758840669583,16.489082384956582,16.3578546604504886,16.6136691552177851,16.5827961023769568,16.5616243160884977,16.5907446832989329,16.8605571195172672,17.6870924141695056,17.7028342029545129,17.4565253403562863,17.4827724534070654,17.6268531070446315,17.5158146929428753,17.4758462296025847,17.597733489620051,3321.35441798333795,3321.81119254684063,3320.71308972848237,3322.35859445785126,3320.43756244631686,3320.52941242804308,5.00043335976624448,4.99987082841716201,0.618244030064996952,-5.00016405096516614,4.99982397048368288,4.99982397873487372,-0.00249111673515785542,-0.00235271038095535758,-0.00250219248558526198,-0.00242485311467212578,-0.00289428710937499967,-0.00222701626448140342,-0.00277796017942789301,-0.00270817258858459991,-0.00269633038051334158,-0.00263381888510425552,-0.00251753542490350257,-0.00272135223375081104,-0.00267987415425723075,-0.00277845055236964223,-0.00240299653588696123,-0.00259475641842004529,-0.00306634719433397695,-0.00293950814196079074,-0.0023758636063537209,-0.00232972149074826569,-0.00295072223372422771,-0.00265603273012053826,-0.00245326344071319187,-0.0024275041898459233,-4.64044046068827232,5.00029275891706071,-5.00091408392384196,-5.00065637306995114,4.99991771110885352,-0.0000055549300301685035,0.0000500714831789351919,0.0000380654531635874746,0.0000655150596763106854,0.000036966399388147403,0.00000228664936033615536,0.000234341425418034077,-0.0000188827932050520524,0.0000378490831744741945,-0.0000169614771431472405,-5.00063279766880519,-5.00154709255989171,5.00055064035444196,4.99935526994195722,4.99961300082820248,5.00076156385513926,5.00005834824183814,4.99954267101613503,-3.91687380010507313,5.00008178710937478,-0.00299518738720438776
4/23/2014 2:57:07.575 PM,291,3316.98107564214751,3320.95585002870484,3321.32173884959547,3319.39178037889405,3318.37455309573943,3319.94469811537601,3320.03689630519693,3320.03697712747043,3320.77174009174586,3317.26023393165951,3318.83761561939945,3318.09663632154797,3319.39178044648088,3318.65244492132842,3318.92995849642784,3318.83742561805638,3317.53948111930185,3321.13873226477881,3320.31290367972133,3319.20716829907087,3320.31278848194506,3319.11481252817247,3320.49631399858026,3320.40467432353762,3321.32173884959547,3320.22086352217911,3320.77212776571286,3319.94487141093168,3320.0367549147686,3319.48402189746639,3318.65249106469946,3319.76059451793844,3320.32219161209468,3320.50597370179821,3320.41405328204155,3320.96480327097924,3321.331490394934,3320.32229251623221,3320.5060255143212,3321.33118096277758,3318.8471146220686,3320.59775707926201,3321.87965335917942,3320.87280059339809,3320.59790090867818,3319.77003871174065,18.1286155022920461,18.2654450777089501,17.9099955481727733,18.2682332289235774,16.6573642278233542,18.0406613297280813,17.82803355922454,18.0317009068692364,16.3360442312611163,16.4748217927689566,16.353339991009296,16.5867754856065339,16.573635094169564,16.5491124454592082,16.5679474819438432,16.8475928119471909,17.6853078882286745,17.6785278407413813,17.4339604991350256,17.4609742030600898,17.5911258821934844,17.4953067913893392,17.4634843957071233,17.5803523519240805,3321.3546455875703,3321.81141966189079,3320.7133180162823,3322.35882098409138,3320.43779102663029,3320.52964091092098,5.00043335976624448,4.99987082841716201,0.617670784230817338,-5.00016405096516614,4.99982397048368288,4.99982397873487372,-0.00248592862528027991,-0.00235423633139053394,-0.00248769595645108354,-0.00242286933260932444,-0.00289199829101562502,-0.00222869461326937954,-0.00277231522129700548,-0.00270634131929523014,-0.00270594454428253316,-0.00265487552049561331,-0.00253371201614289521,-0.00271646907790391553,-0.00268124750964888982,-0.00278546992437145487,-0.00240391187015238971,-0.0026034545397723278,-0.00310907480799431238,-0.00291325871822720921,-0.00237265896021502049,-0.00231766478675689194,-0.00295865699000757813,-0.0026561853072830815,-0.00245631548465481166,-0.00241987407999187448,-4.6420678867773022,5.00029275891706071,-5.00091408392384196,-5.00065637306995114,4.99991771110885352,-0.00000265305534279550799,0.0000500867391075110894,0.000040043672238894612,0.0000656310047334874691,0.0000459283207459444169,0.00000687977892936361673,0.000295061056903422403,-0.0000143567235322162123,0.0000358424897067095773,-0.0000158433223858914681,-5.00063279766880519,-5.00154709255989171,5.00055064035444196,4.99935526994195722,4.99961300082820248,5.00076156385513926,5.00005834824183814,4.99954267101613503,-3.91753432212161945,5.00008178710937478,-0.00301319318030891358
4/23/2014 2:57:08.575 PM,292,3316.98146641545554,3320.95623379682047,3321.32212196080217,3319.39216693186972,3318.37494144003221,3319.94508368813967,3320.03728171405964,3320.0373625361899,3320.77212418962244,3317.26062422063387,3318.83800315016787,3318.09702515256549,3319.39216699945654,3318.65283277779462,3318.9303458645827,3318.8378131491595,3317.53987092265242,3321.13911570481195,3320.31328859714949,3319.20755517829729,3320.31317339957831,3319.115199570419,3320.4966985887986,3320.40505907730857,3321.32212196080217,3320.22124860361555,3320.77251186289595,3319.94525698338748,3320.03714032388325,3319.48440828723823,3318.65287892108472,3319.76098041759587,3320.32253768762029,3320.50631948248519,3320.41439921025357,3320.9651483135317,3321.33183484547589,3320.32263859159593,3320.50637129492543,3321.33152541381969,3318.84746304728969,3320.59810271252763,3321.8799969211991,3320.87314578419273,3320.59824654171325,3319.77038567028057,18.1267799983918039,18.2537202577014454,17.9061048695363851,18.2583365231855055,16.5368547839478808,18.0290136244153132,17.8188202087156675,18.0162578970226761,16.3406005781978898,16.475572306128182,16.340840050735494,16.5987922286772331,16.5788028065595334,16.5453697441350052,16.5696883965740298,16.813702793909183,17.6731432960574395,17.6543419304071776,17.4191278688881894,17.455352832620548,17.5820794058229914,17.4760605884024009,17.445002850997227,17.5647647756396346,3321.35492521852438,3321.81169869188897,3320.71359848699376,3322.35909929074159,3320.43807185669175,3320.52992162128384,5.00043335976624448,4.99987082841716201,0.617024604803681154,-5.00016405096516614,4.99982397048368288,4.99982397873487372,-0.00250820697946045612,-0.00236400241417566472,-0.00249471532845289617,-0.00243049926362009844,-0.00291091918945312472,-0.00224105336343538315,-0.00278696159915011984,-0.00270161054029769126,-0.0027041132749931634,-0.00265365484598017228,-0.0025327963600350052,-0.00273462831370955813,-0.0026829260551275839,-0.00279264189141678523,-0.00239826730884891469,-0.00260971108320116278,-0.0030664997929541922,-0.00293554020581501644,-0.00239371806341219517,-0.00232636392761142747,-0.0029580466241396282,-0.00266656055433602338,-0.0024590623242022689,-0.00242140010196268416,-4.64487596760265031,5.00029275891706071,-5.00091408392384196,-5.00065637306995114,4.99991771110885352,0.00000590907780895364122,0.0000502179400932637572,0.0000439680559137515915,0.0000654906501905892601,0.0000457680684055887153,0.0000083411599081508334,0.000304696961927644931,-0.0000149322136727420504,0.0000370144013289477712,-0.0000165114694304726788,-5.00063279766880519,-5.00154709255989171,5.00055064035444196,4.99935526994195722,4.99961300082820248,5.00076156385513926,5.00005834824183814,4.99954267101613503,-3.91827342321844307,5.00008178710937478,-0.00304004927849871494
4/23/2014 2:57:09.575 PM,293,3316.98193004422546,3320.95668911429084,3321.32257649888424,3319.39262555343248,3318.37540218690128,3319.94554114673155,3320.03773897819201,3320.03781980015173,3320.77257989833788,3317.26108727476685,3318.83846293183205,3318.09748647690821,3319.39262562101976,3318.65329294588218,3318.93080545331349,3318.83827293122021,3317.54033340061823,3321.13957063302905,3320.31374527822026,3319.20801418693963,3320.31363008089238,3319.11565877247721,3320.49715488165156,3320.40551556420814,3321.32257649888424,3320.22170547927316,3320.77296757078784,3319.9457144416142,3320.03759758831347,3319.48486671516866,3318.65333908907587,3319.76143826403085,3320.32252462903716,3320.50630643503245,3320.41438615723154,3320.9651352939436,3321.3318218482359,3320.32262553301916,3320.50635824747541,3321.33151241656105,3318.84744990000535,3320.59808967064009,3321.87998395750128,3320.87313275900805,3320.59823349983389,3319.77037257836354,18.1219787255177849,18.2457223604456722,17.8930850902653375,18.2552834776348121,15.3385292947536698,18.024591084454066,17.8144738326996581,18.0172349658259421,16.3321399353754373,16.4761703108841537,16.34509352155521,16.588884973354272,16.572851624386395,16.5394183514960922,16.555738022876568,16.8229800486987209,17.6679996198718996,17.6441764071569196,17.4045435390751884,17.4330861438227309,17.5644534005265385,17.4645980370319052,17.4413042405313412,17.5477520430902523,3321.35478215113789,3321.81155593196354,3320.71345498997152,3322.35895690089455,3320.43792817581879,3320.52977800165126,5.00043335976624448,4.99987082841716201,0.616020623544990098,-5.00016405096516614,4.99982397048368288,4.99982397873487372,-0.00249859371704024306,-0.00234431765356188588,-0.00248571222088535401,-0.00242866808017751278,-0.00288208007812499993,-0.00223022038489481198,-0.00277750248011998354,-0.00269733757862249514,-0.00269053136109700377,-0.00263549731256298688,-0.00251738281555218728,-0.00272028404340930253,-0.00266873471608044133,-0.00278653808967607849,-0.00238377451631296544,-0.00258499010672625425,-0.00305642828401997066,-0.00292943568866767213,-0.00237815263930993542,-0.00230576069927173862,-0.00294599189824761498,-0.00265496468998273555,-0.00245066920336281524,-0.00241636422945901196,-4.64815814197822696,5.00029275891706071,-5.00091408392384196,-5.00065637306995114,4.99991771110885352,0.00000514582828570982371,0.0000505627240790789166,0.0000367451140431085559,0.0000657667824978129041,0.0000426423846622698671,0.00000656553625542816074,0.000285765476050945462,-0.0000167487475380623379,0.0000413022550509390871,-0.0000166502853689587303,-5.00063279766880519,-5.00154709255989171,5.00055064035444196,4.99935526994195722,4.99961300082820248,5.00076156385513926,5.00005834824183814,4.99954267101613503,-3.91891273651235128,5.00008178710937478,-0.00296390613647194842
4/23/2014 2:57:10.575 PM,294,3316.98215523404087,3320.95691026706663,3321.32279727308832,3319.39284831110217,3318.37562597689338,3319.94576333951226,3320.03796107651805,3320.03804189839456,3320.77280124115259,3317.2613121854647,3318.83868625299601,3318.09771054739576,3319.39284837868899,3318.65351645474356,3318.93102868076448,3318.83849625257698,3317.54055803145456,3321.13979159673363,3320.31396709333603,3319.20823713262507,3320.31385189612683,3319.11588181210982,3320.49737650819861,3320.4057372850093,3321.32279727308832,3320.22192738890589,3320.77318891320283,3319.94593663421756,3320.03781968678458,3319.48508937878477,3318.65356259789041,3319.76166064519793,3320.32318413583743,3320.50696537999192,3320.41504538331219,3320.96579283232176,3321.33247825848502,3320.32328503951112,3320.50701719227618,3321.33216882776378,3318.84811388435855,3320.59874833467483,3321.88063867459277,3320.87379057987527,3320.59889216342844,3319.77103376782588,18.1267193988545045,18.2373813454343505,17.8938723042732768,18.2558422694607572,16.1091325225611648,18.0160233724988998,17.8113062620565188,18.0092794395866491,16.3444986916933388,16.46721213160383,16.3314122972714841,16.5880740315840143,16.5725733007365221,16.5407393863769947,16.5560689884428669,16.8349594247515135,17.6640461967762867,17.6356573108876375,17.4054600764066762,17.4324805246711456,17.5560087723544385,17.4544021919935694,17.4316433646950557,17.5399182375575471,3321.35532190148433,3321.81209452229177,3320.7139963612899,3322.35949409495333,3320.43847024078559,3320.53031983556593,5.00043335976624448,4.99987082841716201,0.614046381370795147,-5.00016405096516614,4.99982397048368288,4.99982397873487372,-0.00252712832136690706,-0.00237987229870150179,-0.00250997483280466279,-0.00244881109804595673,-0.0029144287109375,-0.00224547810114913765,-0.00280862603305785143,-0.00271503984841973706,-0.00271250659256944181,-0.0026557910263821944,-0.00253798507797971642,-0.00272806657304029221,-0.00269421808834789103,-0.00279279448646030295,-0.00243198212095886018,-0.00260696430803728386,-0.00307809728809056932,-0.00296255269419201618,-0.00240668925016407787,-0.00232926364122960569,-0.00296796506949381644,-0.00266945952042434501,-0.00246806585383004679,-0.00244322221614526368,-4.65051670396731698,5.00029275891706071,-5.00091408392384196,-5.00065637306995114,4.99991771110885352,0.000000312932304529968586,0.0000504666117290507977,0.0000382379367712338531,0.0000653899610619883672,0.0000392374039829025001,0.00000565331723109125603,0.000256529645745428995,-0.0000192460999781161096,0.0000356486970295946687,-0.0000176403023368427634,-5.00063279766880519,-5.00154709255989171,5.00055064035444196,4.99935526994195722,4.99961300082820248,5.00076156385513926,5.00005834824183814,4.99954267101613503,-3.91953297721395888,5.00008178710937478,-0.00300953098510121312
4/23/2014 2:57:11.575 PM,295,3316.9825724997072,3320.95732005254149,3321.32320635711175,3319.39326107026954,3318.3760406488409,3319.94617505200267,3320.03837261399394,3320.0384534357172,3320.77321137874878,3317.26172893395596,3318.83910005625693,3318.09812573907129,3319.39326113785591,3318.65393060578662,3318.93144231038513,3318.83891005619489,3317.54097426139378,3321.14020103187977,3320.31437810605484,3319.20865024016438,3320.31426290906483,3319.11629509372414,3320.49778717152048,3320.40614812297417,3321.32320635711175,3320.22233857675382,3320.77359905005823,3319.94634834637872,3320.03823122452922,3319.48550196368205,3318.65397674884707,3319.7620727067474,3320.32315801581216,3320.50693928221335,3320.41501927440231,3320.96576679023792,3321.3324522610701,3320.32325891949813,3320.50699109450397,3321.33214283031111,3318.84808758704093,3320.59872224801984,3321.88061274421988,3320.87376452660601,3320.59886607679072,3319.77100758117421,18.1131630759259003,18.233784175690559,17.8870794763262566,18.2539952227162487,17.0378510632786835,18.0120461530562572,17.7947037808742401,18.0064444057339479,16.3335907823417514,16.4500573428001999,16.3348931384338165,16.5993947808750484,16.5618892653806249,16.532187451772927,16.544925824719563,16.8203199038919493,17.6457139383134134,17.6382503309818332,17.3908510625369423,17.4311926862875701,17.5316601640778451,17.4301277647101678,17.4108744377135025,17.5356633513871856,3321.35568606902688,3321.8124579071532,3320.71436162252575,3322.3598565377315,3320.4388359700365,3320.53068540892263,5.00043335976624448,4.99987082841716201,0.612674222790338008,-5.00016405096516614,4.99982397048368288,4.99982397873487372,-0.00250668106479058107,-0.00234859031478038037,-0.00250585476662968602,-0.00242546350915298767,-0.0029000854492187496,-0.00223968016897249395,-0.00278696159915011984,-0.0027055782904246593,-0.00269159960151580269,-0.00264343169691335376,-0.00253325418808895021,-0.0027160112820432689,-0.00267453332773411262,-0.00278287580863165445,-0.00240696298437048433,-0.00260208115219038878,-0.00307519791430647515,-0.00294072904539025926,-0.00238150988764571688,-0.00230545546625929906,-0.00295011186785627778,-0.00264535232874251033,-0.00245463686048692092,-0.00243284526674375718,-4.65136842386759674,5.00029275891706071,-5.00091408392384196,-5.00065637306995114,4.99991771110885352,0.0000028972951902335362,0.0000505779800076548074,0.0000371984559145331078,0.0000656554142192088944,0.0000296451567530397221,0.00000141104113296260429,0.00017736535982184717,-0.0000249200969339106513,0.0000278588417802118772,-0.0000187035408986535042,-5.00063279766880519,-5.00154709255989171,5.00055064035444196,4.99935526994195722,4.99961300082820248,5.00076156385513926,5.00005834824183814,4.99954267101613503,-3.92017259566934362,5.00008178710937478,-0.00299900217387907538
4/23/2014 2:57:12.575 PM,296,3316.98290366194032,3320.95764527802157,3321.32353102587558,3319.39358865585973,3318.37636975253508,3319.94650180688404,3320.03869922997273,3320.03878005157412,3320.77353688369476,3317.26205968572685,3318.83942847050593,3318.09845525525406,3319.39358872344655,3318.65425929605771,3318.93177058682249,3318.83923847072765,3317.54130460160877,3321.14052597931686,3320.31470430555327,3319.20897810224505,3320.31458910873743,3319.11662309396115,3320.49811309371534,3320.40647418377648,3321.32353102587558,3320.22266491524578,3320.77392455441622,3319.94667510099907,3320.03855784072084,3319.48582941096037,3318.65430543904949,3319.76239973866449,3320.32363468724725,3320.50741554755632,3320.41549574293685,3320.96624203892133,3321.33292669435604,3320.32373559071038,3320.5074673597328,3321.332617264286,3318.84856749479604,3320.59919831031402,3321.88108595371204,3320.87423997946916,3320.59934213876704,3319.77148546881653,18.1167604414694878,18.2269617486118172,17.8962322611297964,18.2567566565101309,19.5357441750444103,18.009255505863571,17.8022569898279208,18.0118657277761791,16.3378014067062303,16.4445985973367996,16.3126799267996141,16.5929477182822822,16.560846485350762,16.5231481894804233,16.535046800959627,16.8045838699934045,17.6375652812200592,17.6231014957305625,17.3835369848664278,17.4104106457186241,17.5166598129766235,17.4138323913817388,17.3971700176744939,17.5218850328207054,3321.35594618781442,3321.81271746687025,3320.71462252253968,3322.36011542451751,3320.43909720435385,3320.53094653188418,5.00043335976624448,4.99987082841716201,0.611635758284767905,-5.00016405096516614,4.99982397048368288,4.99982397873487372,-0.00251949874801753182,-0.00235972975295717022,-0.00249349456810475483,-0.00243812919463087287,-0.00290527343749999965,-0.00224837706723745971,-0.00278635133340623996,-0.00271519245419385089,-0.00271189616947298522,-0.00265029799106270957,-0.00253325418808895021,-0.00271997884616887158,-0.0026795689641701953,-0.00280469689985468054,-0.00240055564451248588,-0.00260223375081060403,-0.00307870768257143121,-0.0029382872385313218,-0.00238135728544863583,-0.00233475783545352257,-0.00295972513027649084,-0.00266350901108515807,-0.00245860451761102617,-0.00245771942486795649,-4.65212779779302554,5.00029275891706071,-5.00091408392384196,-5.00065637306995114,4.99991771110885352,-0.00000283928822646699969,0.0000503659226004499116,0.0000306471316311857079,0.0000656523630334937162,0.0000149507802488044217,-0.00000483567609890968167,0.0000782638766799499952,-0.0000313985588872041756,0.0000254982333432294693,-0.000021139684346590022,-5.00063279766880519,-5.00154709255989171,5.00055064035444196,4.99935526994195722,4.99961300082820248,5.00076156385513926,5.00005834824183814,4.99954267101613503,-3.9216332510780747,5.00008178710937478,-0.00301136208270506335
4/23/2014 2:57:13.575 PM,297,3316.98297651775465,3320.95771682776148,3321.3236024531393,3319.39366072481925,3318.37644215547425,3319.94657369308924,3320.03877108561982,3320.03885190719438,3320.77360849491651,3317.26213245123972,3318.83950072176912,3318.09852774894034,3319.39366079240608,3318.65433160804514,3318.93184280776722,3318.83931072205314,3317.54137727658007,3321.1405974678878,3320.31477606957514,3319.20905023203204,3320.3146608727975,3319.11669525414208,3320.49818479673103,3320.40654591728571,3321.3236024531393,3320.22273670984577,3320.77399616550883,3319.94674698714698,3320.03862969641477,3319.48590144949184,3318.65437775102145,3319.76247168581676,3320.32391546611506,3320.50769608721884,3320.41577640228752,3320.96652197972707,3321.33320615485718,3320.32401636944723,3320.50774789932756,3321.33289672519322,3318.84885017999704,3320.59947873037208,3321.88136469334585,3320.87452004054557,3320.59962255863729,3319.77176696408332,18.1213324995888421,18.2185280498279844,17.888101858683509,18.2553213160130205,18.7123662203150403,18.0193051770148216,17.8114697158802322,18.0225186028436468,16.329285771679114,16.4379838226627299,16.3075113103965847,16.595469808716274,16.554992129904921,16.5132571604740832,16.5255347828108334,16.7958382034835409,17.6290977173153358,17.6112102199278837,17.3762080298723234,17.3934188182205211,17.4998944444898079,17.4025460834456531,17.3793414274888498,17.5070268146737895,3321.35699316955924,3321.81376219840785,3320.71567264865234,3322.36115744756625,3320.4401486760089,3320.53199755534342,5.00043335976624448,4.99987082841716201,0.611639725383966382,-5.00016405096516614,4.99982397048368288,4.99982397873487372,-0.00252377130909318178,-0.00237270033165617143,-0.0025211142709814522,-0.0024538468525130675,-0.00291809082031249971,-0.00225280180495121421,-0.00280633753651830234,-0.00272114407938430294,-0.00270762320779778911,-0.00265716428521206539,-0.0025425633585191669,-0.00273996926541709984,-0.00269162397260809105,-0.00281049551150835183,-0.00242420177970271902,-0.00260910068872030089,-0.00309793510871858189,-0.00296972550184014571,-0.00239753311833921937,-0.00232178543242482971,-0.00297605241724415402,-0.00267129044637486437,-0.00246943927360377541,-0.00243070883598462371,-4.65317733650885401,5.00029275891706071,-5.00091408392384196,-5.00065637306995114,4.99991771110885352,-0.00000597777026604557895,0.000050195056200399921,0.0000299663556222451365,0.000065605069654908448,-0.0000130445405049542103,-0.0000189445619786622517,-0.000144942996464291298,-0.0000478130031340857283,0.0000294992128660270579,-0.0000262148560756349786,-5.00063279766880519,-5.00154709255989171,5.00055064035444196,4.99935526994195722,4.99961300082820248,5.00076156385513926,5.00005834824183814,4.99954267101613503,-3.92239966412707241,5.00008178710937478,-0.00303348784541825197
4/23/2014 2:57:14.575 PM,298,3316.98341365410988,3320.95814612781032,3321.32403101834188,3319.39409314013119,3318.37687657462993,3319.94700501189436,3320.03920222107854,3320.03928304249211,3320.77403816385049,3317.26256904579895,3318.83993423088168,3318.09896271256684,3319.39409320771756,3318.65476548149672,3318.9322761349731,3318.83974423153949,3317.54181332789994,3321.1410264009296,3320.31520665529433,3319.20948301230191,3320.31509145874633,3319.11712821677338,3320.49861501641908,3320.40697631993043,3321.32403101834188,3320.22316747903141,3320.77442583366655,3319.94717830560739,3320.03906083215451,3319.48633368223681,3318.65481162438254,3319.76290337029922,3320.32394158570105,3320.50772218455631,3320.4158025107572,3320.96654802136436,3321.33323215182099,3320.32404248902094,3320.50777399665867,3321.33292272219478,3318.84887647689265,3320.59950481658506,3321.88139062326126,3320.87454609336919,3320.59964864483299,3319.77179315030207,18.1204421193868725,18.218626379702382,17.9019695460568613,18.2524538203998148,21.8838502643352122,18.0278457154746725,17.8343085151410321,18.039873802251428,16.3083739943862085,16.4111264631044094,16.2975571314013159,16.5624532652848195,16.5374980832405143,16.5040637574784057,16.5061324865408672,16.7864959078332774,17.6215423123599244,17.5968825190151143,17.3713904466029838,17.3819812470366166,17.4731575512245776,17.3794606898617765,17.3591523279520814,17.4952107771135417,3321.35696715700805,3321.81373624175466,3320.71564655799193,3322.36113155819521,3320.44012255192319,3320.53197144239129,5.00043335976624448,4.99987082841716201,0.610804345841210572,-5.00016405096516614,4.99982397048368288,4.99982397873487372,-0.0025246868578951069,-0.00237025881095988874,-0.00250005615497601473,-0.00244270715323733744,-0.00290802001953124976,-0.00223418739112093675,-0.00279718355036010597,-0.0027122929444856822,-0.00271677955424463836,-0.00264922990086169851,-0.00253676420316919582,-0.00273066074958395544,-0.00268872466678125519,-0.00278577511445849031,-0.00242420177970271902,-0.00261032147768202466,-0.00308343823979811103,-0.00293889769024605627,-0.00239860133371878632,-0.00230713424782771773,-0.00296827025242779119,-0.00265755850174597113,-0.00246806585383004679,-0.00242246831734225111,-4.65333653791673818,5.00029275891706071,-5.00091408392384196,-5.00065637306995114,4.99991771110885352,0.000000406048746365714326,0.0000500516504717865338,0.0000326436675497827301,0.0000654235241048553405,-0.00000656271489075735534,-0.000018012512105970195,-0.0000841867381622128425,-0.0000439479075483790359,0.0000412015438959029937,-0.0000264513008060233071,-5.00063279766880519,-5.00154709255989171,5.00055064035444196,4.99935526994195722,4.99961300082820248,5.00076156385513926,5.00005834824183814,4.99954267101613503,-3.9239994731692267,5.00008178710937478,-0.0030057161984265255
4/23/2014 2:57:15.575 PM,299,3316.98421506508157,3320.95893317168611,3321.32481671494906,3319.39488589553457,3318.3776730038835,3319.94779575695975,3320.0399926299965,3320.04007345111586,3320.77482588404018,3317.26336946344054,3318.84072899166039,3318.0997601400536,3319.39488596312048,3318.6555609102561,3318.93307056224375,3318.84053899300443,3317.5426127495657,3321.14181277193347,3320.3159960563189,3319.21027643681873,3320.31588086019246,3319.11792197563272,3320.49940374636207,3320.40776538530735,3321.32481671494906,3320.22395721642396,3320.77521355243334,3319.94796905004159,3320.03985124158862,3319.48712610292204,3318.65560705297548,3319.76369478579818,3320.32435296004177,3320.50813320843553,3320.41621370999246,3320.96695816785677,3321.33364159461734,3320.32445386316931,3320.50818502043921,3321.33333216558594,3318.84929064420794,3320.59991566523103,3321.88179900991235,3320.87495641607029,3320.60005949320429,3319.77220557424107,18.1243644392663867,18.2119006229962288,17.8915158604872353,18.2534107548954516,22.2432862003637446,18.0354196070408648,17.834504857226598,18.0452396575613605,16.316335372440335,16.4125415289823913,16.2876253224200909,16.5757438123537426,16.5352575654591511,16.4867437432913242,16.4915511890034132,16.77504384863105,17.6120415999628115,17.5768812909518175,17.3523710809916629,17.3666956567580186,17.456271699566372,17.3577783310008051,17.3342780427002658,17.4580138047425706,3321.35698016383457,3321.81374922063969,3320.7156596038626,3322.36114450344803,3320.44013561450219,3320.53198449940464,5.00043335976624448,4.99987082841716201,0.610447459494086297,-5.00016405096516614,4.99982397048368288,4.99982397873487372,-0.00250881734532840605,-0.00235683044713033436,-0.00249074785732143712,-0.00242775248845621995,-0.00289184570312499972,-0.00223311935098313404,-0.00279382708876876711,-0.00270451005000586038,-0.00270762320779778911,-0.00266113147738724883,-0.00252913373560344473,-0.00272821917166050747,-0.00268414681547572524,-0.00279264189141678523,-0.00241809955126652976,-0.00261932479627473812,-0.00307733429498949175,-0.00294347607810656461,-0.00240791006774072588,-0.00231690170422579238,-0.00295911476440854091,-0.00265038737510643781,-0.00246135135715848386,-0.00242307872613057489,-4.65371248524906544,5.00029275891706071,-5.00091408392384196,-5.00065637306995114,4.99991771110885352,-0.00001531383843436396,0.0000497373783431231628,0.0000233936616883928777,0.0000655486227191776452,-0.0000040597259556778073,-0.0000179636977100190566,-0.0000328634112751992542,-0.0000398843670866289431,0.0000336436294884215085,-0.0000246131337084882372,-5.00063279766880519,-5.00154709255989171,5.00055064035444196,4.99935526994195722,4.99961300082820248,5.00076156385513926,5.00005834824183814,4.99954267101613503,-3.92527398007710593,5.00008178710937478,-0.00299884958241208779
4/23/2014 2:57:16.575 PM,300,3316.98381104638383,3320.95853639575489,3321.32442061820529,3319.39448624029728,3318.37727149657848,3319.94739711517786,3320.03959415767394,3320.03967497894154,3320.7744287671644,3317.26296594550194,3318.84032832547018,3318.09935812951744,3319.39448630788365,3318.65515990732183,3318.93267006418182,3318.84013832646815,3317.54220973372048,3321.14141633521148,3320.31559809209738,3319.20987644426668,3320.31548289575812,3319.11752181453175,3320.49900612044757,3320.40736759029323,3321.32442061820529,3320.22355908263216,3320.7748164362747,3319.94757040857803,3320.03945276900594,3319.48672661642376,3318.65520605012534,3319.76329580603624,3320.3251299994331,3320.50890958584022,3320.41699041862739,3320.96773288796293,3321.33441498551019,3320.32523090219774,3320.508961397657,3321.33410555760201,3318.85007295925788,3320.60069171163786,3321.88257040584949,3320.87573146901832,3320.60083553909225,3319.77298459622215,18.1274560375018545,18.2055607495854197,17.8908050263088576,18.2519397782024413,22.9141270535559478,18.0394249233059867,17.8361523894216205,18.0474946265073655,16.3220189809697409,16.4051291525829121,16.2847815127702518,16.5677247826766241,16.5290627705579744,16.4819953940985258,16.4832980046029291,16.7606282103567281,17.6046599467202363,17.566912258757128,17.3403430770181188,17.3549748537982467,17.4385364875181281,17.3380622632165178,17.3077930888750586,17.448577560561656,3321.35760445097094,3321.81437216603626,3320.7162857659041,3322.36176583384303,3320.4407625788549,3320.53261119651006,5.00043335976624448,4.99987082841716201,0.610688537060762759,-5.00016405096516614,4.99982397048368288,4.99982397873487372,-0.00252956978483870722,-0.00237621001765707775,-0.00250646514680375647,-0.00244392794219906121,-0.0029153442382812496,-0.00224074820911029666,-0.00279779381610398541,-0.00271366639645270963,-0.00270304503457436448,-0.00264739888908853719,-0.00253600115641262067,-0.00272303081857318101,-0.00268429941051924297,-0.00278287580863165445,-0.00242206599975005286,-0.00261596762662999775,-0.00308175965497574063,-0.00294469698153603313,-0.0024042476150107823,-0.00232499037905544792,-0.00296262436814925334,-0.00265435438133256258,-0.00246150395935556491,-0.00242033188658311721,-4.653911983082339,5.00029275891706071,-5.00091408392384196,-5.00065637306995114,4.99991771110885352,-0.0000266709913402319706,0.0000494932834859088895,0.00000242240252508674172,0.0000657911919835343294,0.000000315926042415525391,-0.0000151385645443469018,0.0000185865833528676368,-0.0000360543809789914683,0.0000349284596784274449,-0.0000228954771509575427,-5.00063279766880519,-5.00154709255989171,5.00055064035444196,4.99935526994195722,4.99961300082820248,5.00076156385513926,5.00005834824183814,4.99954267101613503,-3.92534721883153947,5.00008178710937478,-0.00299305110666656235
4/23/2014 2:57:17.575 PM,301,3316.98430116628242,3320.95901772923889,3321.32490112774712,3319.39497106675253,3318.37775856983171,3319.9478807121809,3320.04007754910071,3320.04015837018778,3320.7749105142584,3317.26345545791446,3318.84081437834265,3318.09984581325579,3319.39497113433844,3318.6556463687084,3318.93315591309283,3318.84062437976035,3317.54269863702893,3321.14189725719097,3320.3160808671314,3319.21036167992861,3320.31596567104998,3319.11800725466537,3320.49948848507165,3320.40785016005656,3321.32490112774712,3320.22404206337705,3320.77529818249877,3319.94805400519453,3320.03993616074831,3319.48721123817677,3318.65569251141005,3319.76377981305268,3320.32529324268125,3320.5090726900139,3320.41715359238787,3320.96789564396112,3321.33457746225849,3320.3253941453695,3320.50912450179157,3321.33426803458633,3318.85023731084993,3320.60085474627385,3321.88273246348444,3320.87589429494164,3320.6009985736191,3319.77314825598568,18.1179378744181854,18.2040258268163662,17.8893456063756098,18.2564888414763118,24.4294401450556826,18.0410081230080195,17.8184938375843878,18.0327329093734363,16.3185033764207112,16.4160047487323375,16.2712879765747154,16.5587282190865359,16.5240223419743444,16.4694148220489467,16.4702579756252128,16.7463005996119101,17.5945476070628572,17.558474171008438,17.330836401452224,17.3506452290990829,17.4351197059042491,17.3304589026926194,17.3072687109787182,17.4278892941983301,3321.35779303450363,3321.81456034420807,3320.71647491587464,3322.36195352409777,3320.44095197121669,3320.53280050813236,5.00043335976624448,4.99987082841716201,0.610498574041451247,-5.00016405096516614,4.99982397048368288,4.99982397873487372,-0.00251904097361656905,-0.00235683044713033436,-0.00248983228706033122,-0.00242866808017751278,-0.0028924560546874996,-0.00223586573990891243,-0.00279245399084503783,-0.00269794800171895173,-0.00270060334218853769,-0.00265289192440802159,-0.00253447506289947036,-0.00273691729301279042,-0.00267270218721190039,-0.00278379137889276079,-0.00240757320721410317,-0.00261383124594698072,-0.00307184074466173435,-0.00292836739816688691,-0.00238669836234647014,-0.00232102234989373015,-0.0029551473862668657,-0.00266015231350920627,-0.00245799410882270239,-0.002440475376597806,-4.65481300504853124,5.00029275891706071,-5.00091408392384196,-5.00065637306995114,4.99991771110885352,-0.0000231630965314033829,0.0000492278303286883691,0.00000813878403513707166,0.0000659025602621383391,0.0000045008014448473073,-0.0000134483660845387232,0.0000180280243983434912,-0.0000346484753571763555,0.0000282723678864964464,-0.0000229122570995657481,-5.00063279766880519,-5.00154709255989171,5.00055064035444196,4.99935526994195722,4.99961300082820248,5.00076156385513926,5.00005834824183814,4.99954267101613503,-3.92577459747980573,5.00008178710937478,-0.00300937839363422596
4/23/2014 2:57:18.575 PM,302,3316.98502309742025,3320.95972671801701,3321.32560890286186,3319.39568520066541,3318.37847601327166,3319.94859303511475,3320.04078956922148,3320.04087039004343,3320.77562011228337,3317.26417649422728,3318.8415303187653,3318.10056415593771,3319.39568526825132,3318.65636291086957,3318.93387155307982,3318.84134032080055,3317.54341877613342,3321.14260563982452,3320.31679197930861,3319.21107641660137,3320.31667678360645,3319.11872229252503,3320.50019899271546,3320.4085609698709,3321.32560890286186,3320.22475347856561,3320.7760077792418,3319.94876632755949,3320.04064818133383,3319.48792507056441,3318.65640905342115,3319.76449273993512,3320.3252540629137,3320.50903354361753,3320.41711442929363,3320.96785658111002,3321.3345384664135,3320.32535496562013,3320.50908535540429,3321.33422903868495,3318.85019786513339,3320.60081561656261,3321.88269356820683,3320.87585521531173,3320.60095944393424,3319.77310897627421,18.1184369538369871,18.2066548183604091,17.8813246121542519,18.2556951332847319,23.4521280546374413,18.0446258621756605,17.8286520438472316,18.0347524606848211,16.2935775909886047,16.3842941711892678,16.2750625056249731,16.541337912709146,16.517363154769864,16.4562816112624866,16.4617689503280751,16.7287556426352921,17.5921527771221413,17.556612029807706,17.3237972562742684,17.3405635204354311,17.4262546899422013,17.3237244925142306,17.2959694370413999,17.4236682455779359,3321.3579295991326,3321.81469661535584,3320.71661189060478,3322.36208944199324,3320.44108912143792,3320.53293759989765,5.00043335976624448,4.99987082841716201,0.609918156912566567,-5.00016405096516614,4.99982397048368288,4.99982397873487372,-0.00253201124831050738,-0.00237361590191727734,-0.00251165337828335731,-0.00246391836144728947,-0.00291290283203124965,-0.00225036057035052231,-0.00280633753651830234,-0.00270969864632574159,-0.00271906864085635046,-0.00266815035585103461,-0.0025446998894375775,-0.00274759919642787428,-0.00269818555947935052,-0.00279050556080753798,-0.00242054044264100555,-0.00261581502800978206,-0.00308847399426522224,-0.00294881753061049072,-0.00239936434470419116,-0.00234742500546977588,-0.00297284799643741634,-0.0026703749833996049,-0.00247981622300528191,-0.00243421868651748623,-4.65534983280646752,5.00029275891706071,-5.00091408392384196,-5.00065637306995114,4.99991771110885352,0.00000803549098071091844,0.0000499509613431856477,0.0000303937486323423583,0.0000653426676834031125,0.00000717319999687431226,-0.0000146672005334437191,0.0000115786524261603381,-0.0000366802455880513951,0.0000299417315775492929,-0.0000227932720094348468,-5.00063279766880519,-5.00154709255989171,5.00055064035444196,4.99935526994195722,4.99961300082820248,5.00076156385513926,5.00005834824183814,4.99954267101613503,-3.92715163864389183,5.00008178710937478,-0.00302250125979515146
4/23/2014 2:57:19.575 PM,303,3316.98549334644622,3320.9601885367274,3321.32606993102308,3319.39615037078238,3318.378943339128,3319.94905702560709,3320.04125336246988,3320.04133418311858,3320.77608232784132,3317.26464616038765,3318.84199666559516,3318.10103206753683,3319.39615043836829,3318.65682964965662,3318.93433770421415,3318.84180666803331,3317.54388785787568,3321.1430670637078,3320.31725518114535,3319.21154197934083,3320.31713998569057,3319.11918805144978,3320.50066180077556,3320.40902397475656,3321.32606993102308,3320.22521687777589,3320.77646999396438,3319.94923031768166,3320.04111197488464,3319.48839004427554,3318.65687579211089,3319.76495712382393,3320.32556749242212,3320.50934670611513,3320.41742772539237,3320.96816907513948,3321.33485042430811,3320.32566839498213,3320.50939851782686,3321.33454099703249,3318.85051342256702,3320.60112864555276,3321.8830047214401,3320.87616784359215,3320.6012724727152,3319.77342320545585,18.1250896465153417,18.1945972284326203,17.8736785332031438,18.256340953648543,22.9530321754885698,18.0400995044202332,17.820551565669632,18.0271878068859088,16.3032068374142689,16.3665125350747509,16.2738814942156154,16.5362748732534861,16.5029301641290793,16.4558619789864089,16.4518272301407684,16.7475991702414753,17.5848326722026549,17.5455631946105015,17.3246955163282124,17.3381130482531169,17.4200741819720015,17.3218823413595082,17.292605660732967,17.4139892309152913,3321.3580011309582,3321.8147679934259,3320.71668363728349,3322.36216063499387,3320.44116096005655,3320.53300940789176,5.00043335976624448,4.99987082841716201,0.60976832262745495,-5.00016405096516614,4.99982397048368288,4.99982397873487372,-0.00251247954053610652,-0.00236720691008953559,-0.0024924264028001312,-0.00243782399739044193,-0.00288665771484374967,-0.00222655853299377369,-0.00278375770399475094,-0.0027032892038129472,-0.00269663559206156965,-0.00265548585775333404,-0.00253310157873763535,-0.00273859587783516038,-0.00268353643530165479,-0.00278150245323999582,-0.00241230243425215015,-0.00261657802111085964,-0.00307886028119164646,-0.00294225517467709566,-0.00242027084570428479,-0.00231094966048321594,-0.00296353991695117846,-0.00266793374879891257,-0.00247020228458918025,-0.0024455112491014782,-4.6561588140737582,5.00029275891706071,-5.00091408392384196,-5.00065637306995114,4.99991771110885352,0.00000914678228655391693,0.0000503201548147222324,0.0000343532395901716104,0.00006524655533337498,0.0000173499867158440845,-0.0000111891748219250832,0.0000593766482067510537,-0.0000320870099571701046,0.0000268181598448388961,-0.0000220595306202942923,-5.00063279766880519,-5.00154709255989171,5.00055064035444196,4.99935526994195722,4.99961300082820248,5.00076156385513926,5.00005834824183814,4.99954267101613503,-3.92861320953705295,5.00008178710937478,-0.00303303007101728963
4/23/2014 2:57:20.575 PM,304,3316.98554633339335,3320.96024057388695,3321.32612187911672,3319.39620278552274,3318.37899599674119,3319.94910930744708,3320.04130562208729,3320.04138644271688,3320.77613440971072,3317.264699081667,3318.84204921290802,3318.10108479114205,3319.3962028531082,3318.65688224112864,3318.9343902294795,3318.84185921539165,3317.54394071331307,3321.14311905638442,3320.31730737413272,3319.21159443831538,3320.31719217870568,3319.11924053252687,3320.50071394939868,3320.40907614555453,3321.32612187911672,3320.22526909299995,3320.7765220757401,3319.94928259947983,3320.04116423453615,3319.48844243688836,3318.65692838357199,3319.76500944998497,3320.32618128663944,3320.50995997741074,3320.4180412583355,3320.96878103728931,3321.33546133647496,3320.3262821889125,3320.51001178897468,3321.335151910087,3318.85113138417273,3320.6017416553841,3321.88361405773639,3320.87678006866235,3320.60188548213636,3319.7740385657753,18.1270543439339775,18.1872063887821405,17.8732097186929941,18.2527546696459062,23.0689307433417205,18.0468563744459232,17.8292099047328385,18.0356142932979075,16.2931463542658506,16.4031277923685863,16.2592469549823235,16.5744023619763396,16.5154843536124716,16.4494520007593756,16.4579853294563172,16.7351004766948996,17.5842092392206126,17.5506469325307819,17.3278019062980135,17.3395446839307539,17.4204400625649249,17.3221723104428697,17.297614121916137,17.4081155221960735,3321.35878799093507,3321.81555316222511,3320.71747286045774,3322.36294376818659,3320.44195119449386,3320.53379930548044,5.00043335976624448,4.99987082841716201,0.609956759839382578,-5.00016405096516614,4.99982397048368288,4.99982397873487372,-0.00251598914427681895,-0.00235560968678219301,-0.00249593608880103752,-0.00244179156151604418,-0.00289428710937499967,-0.00225005541602543583,-0.00279001292786951877,-0.00270588350197288781,-0.00270029813064030962,-0.00265396001460903265,-0.00251875629971402273,-0.00272272562133275007,-0.00267239699712486494,-0.00278897961037236119,-0.0024062002058159609,-0.00260208115219038878,-0.00307260373776281192,-0.00295141195039811235,-0.00236594446354345756,-0.00234009941317121989,-0.00295499479479987811,-0.00266244097094735536,-0.00246608202526799394,-0.00242368913491889868,-4.65754034038512632,5.00029275891706071,-5.00091408392384196,-5.00065637306995114,4.99991771110885352,0.0000110778035803607758,0.0000506084918648065958,0.0000394529540427959508,0.0000654113193619946143,0.0000211090487567592847,-0.0000118283383189103074,0.0000372647337474605443,-0.0000335219190608684791,0.0000257240704787649578,-0.0000220076653245962089,-5.00063279766880519,-5.00154709255989171,5.00055064035444196,4.99935526994195722,4.99961300082820248,5.00076156385513926,5.00005834824183814,4.99954267101613503,-3.92938328452377261,5.00008178710937478,-0.00298603189918513704
4/23/2014 2:57:21.575 PM,305,3316.98544036109251,3320.96013650131044,3321.32601798468613,3319.39609795772548,3318.37889068316053,3319.94900474547148,3320.04120110456006,3320.0412819252283,3320.77603024770724,3317.26459324071174,3318.84194411994531,3318.10097934556734,3319.3960980253114,3318.65677705984035,3318.93428518061546,3318.84175412233798,3317.5438350040531,3321.14301507278014,3320.31720298987647,3319.21148952204294,3320.31708779439395,3319.11913557204525,3320.50060965387774,3320.40897180568026,3321.32601798468613,3320.22516466426668,3320.77641791392443,3319.94917803758789,3320.0410597169407,3319.48833765334984,3318.65682320230553,3319.76490479936001,3320.32610293084508,3320.50988168837693,3320.41796293589777,3320.96870291539153,3321.33538334862623,3320.32620383315497,3320.50993349995997,3321.33507392212504,3318.8510524963367,3320.60166339973102,3321.88353627107608,3320.87670191319784,3320.60180722653558,3319.7739600100399,18.1170274083987728,18.1796091376135891,17.8640140092538857,18.2540570039117647,21.9237180331827339,18.0373591562680993,17.8175830981420695,18.0191270815624946,16.2993985534628614,16.3926291625973874,16.2610842563724525,16.5575883428528456,16.5115337651046623,16.4460342999458611,16.4666790133506353,16.7314553107299986,17.585955218189607,17.5430332856501998,17.3277979232547707,17.3432696237224526,17.4224149288652512,17.3194276938334433,17.3053728492116328,17.4164818570754249,3321.35887252944121,3321.81563751903195,3320.71755765286434,3322.36302790628951,3320.44203609554961,3320.53388417034557,5.00043335976624448,4.99987082841716201,0.609826150727309724,-5.00016405096516614,4.99982397048368288,4.99982397873487372,-0.00252117725415439446,-0.00236980102582933601,-0.00250081913019360291,-0.0024335512360244083,-0.00289337158203124964,-0.00223723893437180205,-0.00279458992094861695,-0.00270969864632574159,-0.00269984031331796685,-0.00265197641852144093,-0.00253157548522448504,-0.00273096594682438638,-0.0026743807326905949,-0.00279691455263527972,-0.00240497976012872278,-0.00261352604870654978,-0.00307367192810432,-0.00293920291610342329,-0.00239997475349251494,-0.00231964880133775104,-0.00296506583162105351,-0.00265877911904631708,-0.00244624373964746726,-0.00243803374144451043,-4.6595182232646648,5.00029275891706071,-5.00091408392384196,-5.00065637306995114,4.99991771110885352,0.00000942613161206115511,0.0000507625767434230998,0.0000480588175818249947,0.0000653808075048428327,0.0000117182616119151029,-0.0000143422797103939518,-0.000000749323624785122677,-0.000036594761641448094,0.0000270470488335572952,-0.0000229824277937455109,-5.00063279766880519,-5.00154709255989171,5.00055064035444196,4.99935526994195722,4.99961300082820248,5.00076156385513926,5.00005834824183814,4.99954267101613503,-3.92979937219739694,5.00008178710937478,-0.00302738418673875178
4/23/2014 2:57:22.575 PM,306,3316.98590398710439,3320.96059181576356,3321.32647251972639,3319.39655657637422,3318.37935142718106,3319.94946220111296,3320.04165836573565,3320.04173918623337,3320.77648595341725,3317.26505629206894,3318.84240389873093,3318.10144066707971,3319.39655664396014,3318.65723722506163,3318.93474476646224,3318.8422139015206,3317.54429747922449,3321.14346999796816,3320.31765966797229,3319.21194852778308,3320.31754447273306,3319.11959477120717,3320.50106594374392,3320.4094282895985,3321.32647251972639,3320.22562153695571,3320.77687361881135,3319.94963549286376,3320.04151697841462,3319.48879607835988,3318.65728336743086,3319.76536264285641,3320.3265796001915,3320.51035795162124,3320.41843940233866,3320.96917816195127,3321.33585777976804,3320.32668050227812,3320.51040976308968,3321.3355483539558,3318.85153240208364,3320.60213945992154,3321.88400947839363,3320.87717736394233,3320.60228328640778,3319.77443789562403,18.1092955792750558,18.1788719896941657,17.8595492193898693,18.2499742435380803,19.7191655142276794,18.0180643967135161,17.8153250147878381,18.0231800887413556,16.2931799548541498,16.3988207978942952,16.2656016549582354,16.5348498107085469,16.5151369243196484,16.4513893374635174,16.4641887057341556,16.7370370516797493,17.5888695321317741,17.5562963441199251,17.3274395508292827,17.3504460474724809,17.4345395372431007,17.3231800779205862,17.3206921919358976,17.4186349946111285,3321.35925620662419,3321.81602037161383,3320.7179424823189,3322.36340976632982,3320.44242141808626,3320.53426932863794,5.00043335976624448,4.99987082841716201,0.610051817639407523,-5.00016405096516614,4.99982397048368288,4.99982397873487372,-0.00252056688828644409,-0.00235530449669515757,-0.00249212121271309619,-0.00243263564430311547,-0.00289825439453124997,-0.00222549049285597099,-0.00278452053617460078,-0.00271687111770910683,-0.00269846686135093985,-0.00265319709303688195,-0.00252592893922582882,-0.00272989775648287787,-0.00268033193938778391,-0.00277829795732612451,-0.0024106243214321978,-0.00260223375081060403,-0.00308374343703854198,-0.00292790955938083616,-0.00237342197120042533,-0.00230377668469087995,-0.00296292955108322853,-0.00266823890312399906,-0.0024640981967059411,-0.00242521515688970835,-4.66092630858367585,5.00029275891706071,-5.00091408392384196,-5.00065637306995114,4.99991771110885352,0.00000467414008034514431,0.0000505810311933699856,0.0000380288194770077117,0.00006532436056911203,0.00000255640638186477952,-0.0000150958519478896565,-0.000019511410474292858,-0.0000386143198799512354,0.0000296792722038188639,-0.0000234904026016120457,-5.00063279766880519,-5.00154709255989171,5.00055064035444196,4.99935526994195722,4.99961300082820248,5.00076156385513926,5.00005834824183814,4.99954267101613503,-3.92995607261573676,5.00008178710937478,-0.00298679485652007457
4/23/2014 2:57:23.575 PM,307,3316.98651994559668,3320.96119673158773,3321.32707640002945,3319.39716588212559,3318.37996355668337,3319.95006996170241,3320.04226586795903,3320.04234668823028,3320.7770913890622,3317.26567148707954,3318.84301474583026,3318.10205356383266,3319.39716594971105,3318.65784858557617,3318.93535535722458,3318.84282474914744,3317.54491190871976,3321.14407439661772,3320.31826639552036,3319.2125583478205,3320.31815120060491,3319.12020484822278,3320.50167215549299,3320.41003475916522,3321.32707640002945,3320.22622852303902,3320.77747905336264,3319.95024325296799,3320.04212448103453,3319.48940512684384,3318.65789472781762,3319.765970918746,3320.32706932966766,3320.51084726387262,3320.41892892335136,3320.96966642967163,3321.33634520973692,3320.32717023152554,3320.51089907522327,3321.33603578463271,3318.85202545660195,3320.60262856355757,3321.88449565101973,3320.87766584143992,3320.60277238971684,3319.77492887464905,18.1088740778658099,18.1651380379632563,17.834554412549604,18.261035671315998,14.8949055494377607,18.0409160699775945,17.8304190240851561,18.040700266681668,16.2856788024065793,16.3744879965151782,16.2555836157331974,16.5300886339292639,16.5096879326939749,16.4543944192923348,16.466127913444037,16.7426299997328556,17.5895656654168988,17.5464155357101497,17.3315615621673018,17.3521316847488194,17.4350076724782141,17.3357513064302502,17.3215408363671024,17.4241250122935973,3321.35962687269602,3321.81639024096784,3320.7183142616991,3322.36377867670489,3320.4427936738748,3320.53464142573602,5.00043335976624448,4.99987082841716201,0.610798395192412857,-5.00016405096516614,4.99982397048368288,4.99982397873487372,-0.00252209280295631914,-0.00236842767043767694,-0.002508448882369486,-0.00243950258221281233,-0.00291015624999999998,-0.00223510285409619621,-0.00280038744551547444,-0.00271671851193499257,-0.00270243461147790746,-0.00264968765380498884,-0.00253523810965604552,-0.00273264453164675679,-0.00268399422043220752,-0.00280301835437598646,-0.00240787831863591281,-0.00261154226664374843,-0.00307824988671078458,-0.00295232762797021384,-0.00238273070522236489,-0.0023507825686066141,-0.00296033549614444077,-0.0026683914802865423,-0.00246028314177891691,-0.00243116664257586644,-4.66287473233404714,5.00029275891706071,-5.00091408392384196,-5.00065637306995114,4.99991771110885352,0.00000242865998296183178,0.0000502103121289758118,0.0000351637599057488424,0.0000655028549334499728,0.00000354844467930484479,-0.0000153078894803024157,-0.00000503923952961400201,-0.0000373564846656454191,0.0000312692877121160013,-0.0000235666750952857017,-5.00063279766880519,-5.00154709255989171,5.00055064035444196,4.99935526994195722,4.99961300082820248,5.00076156385513926,5.00005834824183814,4.99954267101613503,-3.92963351693475316,5.00008178710937478,-0.00299045705172777503
4/23/2014 2:57:24.575 PM,308,3316.9865729338253,3320.96124877014972,3321.3271283495369,3319.39721829822019,3318.38001621562034,3319.95012224491392,3320.04231812895113,3320.04239894920283,3320.77714347232859,3317.26572440964855,3318.84306729448098,3318.10210628875256,3319.39721836580565,3318.65790117838014,3318.93540788383006,3318.84287729784273,3317.54496476545546,3321.14412639070315,3320.31831858989062,3319.21261080814383,3320.31820339500291,3319.12025733064638,3320.50172430550492,3320.41008693134881,3321.3271283495369,3320.22628073964324,3320.77753113653489,3319.95029553613767,3320.04217674206074,3319.48945752081363,3318.65794732061022,3319.7660232462731,3320.32688649579313,3320.51066458575451,3320.41874616729956,3320.96948414149301,3321.33616323430442,3320.3269873977365,3320.51071639714928,3321.335853808936,3318.85184138143768,3320.60244596331904,3321.88431414497245,3320.87748347494834,3320.60258978960064,3319.77474557429877,18.0947286555427311,18.1665805291988711,17.8500714613476106,18.2547209458067527,15.341155463808672,18.0320907520721754,17.8178670205027991,18.0351475410538065,16.2716686626661016,16.3822526755771633,16.2533720426543269,16.5559693010416886,16.5149403598600486,16.4606371491657946,16.4747330838861927,16.7389726466355881,17.585372306455735,17.5410046040740752,17.3391656555315876,17.35227572727646,17.4362171426632031,17.3460951787889819,17.3230548129902004,17.4329437150726072,3321.35979595021626,3321.81655895509675,3320.7184838470107,3322.36394695343369,3320.44296347648105,3320.53481115596196,5.00043335976624448,4.99987082841716201,0.611378354579082295,-5.00016405096516614,4.99982397048368288,4.99982397873487372,-0.00252148243708836921,-0.00237376849696079506,-0.00250020875001953245,-0.00243309344016376166,-0.00290267944335937484,-0.00223449254544602323,-0.00279458992094861695,-0.00270786737703637183,-0.00270762320779778911,-0.00266784518722217468,-0.00253462767225078566,-0.00273539130681063527,-0.00268811428660718473,-0.00277524605645577136,-0.00241001409858857896,-0.00261764621145236815,-0.00309778251009836664,-0.00292195765516217515,-0.00238791917992311814,-0.00230988134493967639,-0.00296689692922490374,-0.00267052756056214815,-0.00245417905389567776,-0.00243070883598462371,-4.66487734256552944,5.00029275891706071,-5.00091408392384196,-5.00065637306995114,4.99991771110885352,-0.00000159519150357957613,0.0000501309813003811728,0.0000303387981024727173,0.0000656767725192151415,0.0000062635771887600379,-0.0000157670498922178121,0.0000261897000507891875,-0.0000352834989605152128,0.0000282265900887527672,-0.0000229717496446311987,-5.00063279766880519,-5.00154709255989171,5.00055064035444196,4.99935526994195722,4.99961300082820248,5.00076156385513926,5.00005834824183814,4.99954267101613503,-3.92978350380060304,5.00008178710937478,-0.00301502427791276338
4/23/2014 2:57:25.575 PM,309,3316.98677162794592,3320.96144390191511,3321.32732314724398,3319.39741484617206,3318.38021367451165,3319.95031829439767,3320.04251409508651,3320.04259491526545,3320.77733877178752,3317.26592285747074,3318.84326433967044,3318.10230399515876,3319.39741491375753,3318.65809838919722,3318.93560484632553,3318.84307434320271,3317.54516296632255,3321.14432135562856,3320.31851430611641,3319.21280752200436,3320.31839911133329,3319.12045412740735,3320.5019198553341,3320.41028256434992,3321.32732314724398,3320.22647653927242,3320.77772643564094,3319.95049158546498,3320.04237270832391,3319.48965398577138,3318.65814453138591,3319.76621946199247,3320.32752640987064,3320.51130395466316,3320.41938580898704,3320.97012214555889,3321.33680014371657,3320.32762731151478,3320.51135576590377,3321.33649071927311,3318.8524856402023,3320.60308505963894,3321.88494941146973,3320.87812175312046,3320.60322888549308,3319.77538712110708,18.0856141748459471,18.1516043468210775,17.8460493651420933,18.24864729236063,16.4279995990897838,18.0287542221692938,17.8018290784222266,18.025122939409929,16.2712221366297207,16.3602553471849568,16.2474416898076015,16.5460065343233005,16.5164731492411825,16.4565341404294614,16.4761902232186443,16.7538291343151293,17.5686713274904989,17.5392183775890906,17.3342579447639267,17.3525443058709534,17.4580257768908709,17.3462117920627818,17.3239321950063498,17.4288750020742391,3321.35993251282025,3321.81669522419224,3320.71862081975405,3322.36408286924415,3320.44310062473141,3320.53494824575182,5.00043335976624448,4.99987082841716201,0.612354566143383905,-5.00016405096516614,4.99982397048368288,4.99982397873487372,-0.00251431063813995631,-0.0023614082984358643,-0.00249929317975842611,-0.00242912587603815941,-0.00290832519531249991,-0.00223357708247076377,-0.00279001292786951877,-0.00270954604055162734,-0.00270182418838145087,-0.00265716428521206539,-0.00253630637511525082,-0.00272409900891468953,-0.0026786533939090894,-0.00279279448646030295,-0.00241123454427581707,-0.00261962999351516906,-0.00308237004945660295,-0.00292409423616374559,-0.00239203943924430444,-0.00231598600518847326,-0.00295743625827167827,-0.00264977706645626483,-0.00245814671101978301,-0.00241743244483857891,-4.66708112964800925,5.00029275891706071,-5.00091408392384196,-5.00065637306995114,4.99991771110885352,0.00000872699504876981688,0.0000503033732932887525,0.0000337380989363531096,0.000065550148312035241,0.0000194424244170599762,-0.00000779504885344746717,0.0001433024203000469,-0.000025785621893269142,0.0000254204110870652172,-0.0000197423722624886758,-5.00063279766880519,-5.00154709255989171,5.00055064035444196,4.99935526994195722,4.99961300082820248,5.00076156385513926,5.00005834824183814,4.99954267101613503,-3.93042937806626247,5.00008178710937478,-0.00301059912537012583
4/23/2014 2:57:26.575 PM,310,3316.98757303891125,3320.96223094578408,3321.32810884384525,3319.39820760156908,3318.38101010375885,3319.95110903945715,3320.04330450399857,3320.04338532388237,3320.7781264919713,3317.26672327510596,3318.84405910044279,3318.10310142263915,3319.39820766915409,3318.65889381794977,3318.93639927358981,3318.84386910466128,3317.54596238798194,3321.14510772662606,3320.31930370713462,3319.21360094651481,3320.31918851277305,3319.12124788626033,3320.50270858527073,3320.41107162972048,3321.32810884384525,3320.22726627665861,3320.77851415440181,3319.95128232989282,3320.04316311775164,3319.49044640645024,3318.65893995997248,3319.76701087748551,3320.32768312355665,3320.51146053483853,3320.41954245596571,3320.97027839148768,3321.33695612156725,3320.32778402512758,3320.51151234604185,3321.33664669735071,3318.85264341789252,3320.60324157305831,3321.88510498697405,3320.87827806617724,3320.60338539880786,3319.77554423464562,18.0937310086699128,18.1456517134819819,17.8400959893584066,18.2535708616348451,17.4526165888806446,18.0358843159495379,17.8343615821735817,18.0383315305097831,16.2885593661265169,16.3765319906563178,16.243995291208261,16.5457589566524206,16.5182057372023472,16.4590281420654207,16.4818841130055347,16.7486325416210775,17.5669869713225033,17.5351747191320371,17.3256456912137224,17.3562630151298265,17.4367036637115831,17.3412534293422524,17.3159307043971786,17.4306146057443101,3321.36063483212683,3321.81739603399091,3320.71932524839849,3322.3647818621057,3320.4438059560066,3320.53565327636351,5.00043335976624448,4.99987082841716201,0.61351189104416981,-5.00016405096516614,4.99982397048368288,4.99982397873487372,-0.00251232694906911892,-0.00234218132295263863,-0.00248372848531962448,-0.00243492462360634775,-0.00289474487304687469,-0.00223067811638244171,-0.00277750248011998354,-0.00270206835762003359,-0.00269633038051334158,-0.00264099034788247171,-0.00252043500257848789,-0.00271814766272628549,-0.00267590668312577126,-0.00278608030454552576,-0.0024063527615268655,-0.00261154226664374843,-0.00308969478322694601,-0.00293187749552661003,-0.00237036992725880554,-0.00230316621866599996,-0.00295026445932326537,-0.00265725334742088464,-0.00245234782753070597,-0.00241560121847360712,-4.67094348096641099,5.00029275891706071,-5.00091408392384196,-5.00065637306995114,4.99991771110885352,0.00000453828166520774427,0.0000506206966076673085,0.0000373755187330019609,0.0000657500009763794174,0.0000245888138616259762,-0.00000183664164766159531,0.000192287735388341934,-0.0000207512280379529193,0.0000264427819033407245,-0.0000179621722601455858,-5.00063279766880519,-5.00154709255989171,5.00055064035444196,4.99935526994195722,4.99961300082820248,5.00076156385513926,5.00005834824183814,4.99954267101613503,-3.93145822998531313,5.00008178710937478,-0.00302448494886598885
4/23/2014 2:57:27.575 PM,311,3316.98745381812068,3320.96211386199911,3321.32799196045698,3319.39808966823375,3318.38089162396409,3319.95099140514594,3320.04318691968683,3320.04326773961474,3320.77800930758894,3317.26660420206599,3318.8439408688223,3318.10298279436438,3319.39808973581875,3318.65877548697153,3318.93628109157589,3318.84375087293801,3317.54584346308684,3321.14499074292643,3320.31918627274035,3319.21348291365393,3320.31907107831557,3319.12112980366828,3320.50259125069533,3320.4109542452511,3321.32799196045698,3320.22714879223167,3320.77839697023137,3319.95116469567528,3320.04304553336305,3319.49032852290201,3318.6588216290188,3319.76689314345185,3320.32818591111708,3320.51196289404197,3320.42004502950112,3320.97077967828954,3321.33745654826407,3320.32828681245337,3320.51201470512433,3321.33714712477467,3318.85314961921585,3320.60374371808029,3321.88560412277911,3320.87877956835336,3320.60388754349378,3319.77604830509608,18.0866293747446711,18.1470666090803583,17.8381636925120013,18.2469246230620747,17.9051811767764057,18.0191975505260942,17.8017034624641504,18.0142024778634493,16.2666052641251895,16.3526670578567952,16.2405378651861163,16.5222051020767751,16.516956675694999,16.4604449629549911,16.4753784905583984,16.7511147150434745,17.5597698395837227,17.5345783781916573,17.3166752455801642,17.3447072771581112,17.4367160198661004,17.3433970229196959,17.3226401269220247,17.4278875527432788,3321.36038121654974,3321.81714296351037,3320.71907087112094,3322.36452944773691,3320.44355125278161,3320.53539868171037,5.00043335976624448,4.99987082841716201,0.613839939631735998,-5.00016405096516614,4.99982397048368288,4.99982397873487372,-0.0025246868578951069,-0.00236247646374048792,-0.00250280286575933243,-0.00244026557531388947,-0.00290435791015624962,-0.00224105336343538315,-0.00279642071818025613,-0.00270084751142712042,-0.00270304503457436448,-0.00264266877534120306,-0.00253523810965604552,-0.00272440420615512047,-0.00268109491460537209,-0.00278531732932793715,-0.00240558998297234206,-0.0025996395742669408,-0.00309396754459297964,-0.00294164472296236119,-0.00235022643724411675,-0.00234086249570231945,-0.00295560516066782804,-0.00266533993703567743,-0.00246318258352345564,-0.00243681292386786286,-4.675052953166273,5.00029275891706071,-5.00091408392384196,-5.00065637306995114,4.99991771110885352,-0.00000619605962969331071,0.0000504605093576204414,0.0000361421846181499783,0.0000658644204406986188,0.0000267010923287906673,0.000000640688946858695943,0.000213760206672917644,-0.0000200047700042204635,0.0000257240704787649578,-0.0000179636977100190566,-5.00063279766880519,-5.00154709255989171,5.00055064035444196,4.99935526994195722,4.99961300082820248,5.00076156385513926,5.00005834824183814,4.99954267101613503,-3.93207267261886173,5.00008178710937478,-0.00299854439947811261
4/23/2014 2:57:28.575 PM,312,3316.98800354492277,3320.96265373355572,3321.32853090784237,3319.39863345766662,3318.381437933509,3319.95153381556883,3320.04372909952599,3320.04380991925154,3320.77854964306971,3317.26715324748374,3318.84448603386135,3318.10352978865694,3319.39863352525162,3318.65932111021811,3318.93682602784247,3318.84429603844819,3317.54639182530536,3321.14553015291994,3320.31972776120528,3319.21402716207148,3320.31961256706972,3319.12167428143129,3320.50313227882543,3320.41149550347563,3321.32853090784237,3320.22769051143132,3320.77893730473579,3319.9517071056648,3320.043587713556,3319.49087208273158,3318.65936725215169,3319.76743601376438,3320.32810755378477,3320.51188460346247,3320.41996670552089,3320.97070155482697,3321.337378558836,3320.32820845515698,3320.51193641456348,3321.33706913523337,3318.85307072990053,3320.60366546087743,3321.88552633451718,3320.87870141132816,3320.60380928634322,3319.77596974784455,18.0920374945146101,18.1474564651793528,17.8404556244584,18.2511930713531711,17.6640568489343153,18.0239226412139572,17.8227808271907193,18.0370945984856625,16.2644072456233282,16.3540475871580746,16.2487727758865006,16.557081388252012,16.5197841887174874,16.4615209902181441,16.4808730073946599,16.7323944989962854,17.564590952226844,17.5321702352438251,17.3036087049099372,17.3534864105031339,17.4454194862122627,17.3429671562386431,17.3227431144760224,17.4315669312655217,3321.36103801476429,3321.81779835004999,3320.71972964196493,3322.36518313509759,3320.44421086775537,3320.53605801550747,5.00043335976624448,4.99987082841716201,0.613367854827117531,-5.00016405096516614,4.99982397048368288,4.99982397873487372,-0.00251583655280983136,-0.00236369722408862927,-0.00249334197306123754,-0.00243400903188505449,-0.00290206909179687497,-0.00223022038489481198,-0.00278955522856160886,-0.00270054229987889234,-0.00270335024612259256,-0.00265609619501105433,-0.00251509367528246182,-0.00272791397442007652,-0.00268170529477944255,-0.00277784017219557177,-0.00241535354847024477,-0.00260482792735426726,-0.00307245113914259623,-0.00295690601583072218,-0.00241096211168234523,-0.00231888571880665148,-0.0029711694903005537,-0.00266015231350920627,-0.00246241957253805037,-0.00242933541621089509,-4.67993462088146117,5.00029275891706071,-5.00091408392384196,-5.00065637306995114,4.99991771110885352,-0.00000388799307140400491,0.0000501492884146722418,0.0000366657410555190752,0.0000658873043335624483,0.0000301625428804738482,0.00000274275887250460814,0.000218842177488670099,-0.0000197757951472473174,0.0000242820698498390533,-0.0000169126627471961021,-5.00063279766880519,-5.00154709255989171,5.00055064035444196,4.99935526994195722,4.99961300082820248,5.00076156385513926,5.00005834824183814,4.99954267101613503,-3.93313875423808268,5.00008178710937478,-0.00300769988749736332
4/23/2014 2:57:29.575 PM,313,3316.9884737940124,3320.96311555233524,3321.32899193607318,3319.39909862785043,3318.38190525943082,3319.95199780612893,3320.04419289284169,3320.04427371239444,3320.77901185869632,3317.26762291370823,3318.8449523807576,3318.10399770032154,3319.39909869543544,3318.6597878490711,3318.93729217904274,3318.84476238574689,3317.5468609071122,3321.1459915768728,3320.32019096311069,3319.21449272487734,3320.32007576922205,3319.12214004042198,3320.50359508695373,3320.4119585084295,3321.32899193607318,3320.22815391071026,3320.77939951952748,3319.95217109585428,3320.04405150717457,3319.49133705651002,3318.65983399090691,3319.76790039772095,3320.32843404028244,3320.5122108118112,3320.42029305304367,3320.97102706682426,3321.33770351233397,3320.32853494150231,3320.51226262283398,3321.33739408920337,3318.85339943308599,3320.60399153014987,3321.8858504497889,3320.87902706317663,3320.60413535539783,3319.77629706737252,18.1044041182599606,18.1341924776643708,17.8424059273200335,18.2459181280623959,18.6520373041549767,18.033402205634701,17.8094435072925243,18.0238395250593513,16.2809752826413998,16.3706204953631094,16.2437948595109987,16.5396207652493636,16.5214322908471622,16.4615694040181353,16.4827496884856686,16.757949184438786,17.5701987311205769,17.5358754509437418,17.3207131287578235,17.3463852289754108,17.4386981681613662,17.3414974295594781,17.3395386281196799,17.4305544295330073,3321.36127862688681,3321.81803844506339,3320.71997097667963,3322.36542260768601,3320.44445251168281,3320.53629955643691,5.00043335976624448,4.99987082841716201,0.611836401955767717,-5.00016405096516614,4.99982397048368288,4.99982397873487372,-0.00253414752884833236,-0.00237163216635154781,-0.00250692293193430964,-0.00244469093530013835,-0.00291320800781249981,-0.00225264922778867097,-0.00279123345935727808,-0.00272007583896550402,-0.0027198316697269213,-0.00267379597548494984,-0.00254012160889812658,-0.00272455680477533616,-0.00268689352625904338,-0.00279035296576402026,-0.00242389666828090938,-0.0026144416404278426,-0.00308832139564500655,-0.00294484959446471685,-0.00236014558005438009,-0.0023613131075357883,-0.00296765988655984126,-0.00266137293080955266,-0.00246776064943588468,-0.00242658857666343741,-4.68458748427218285,5.00029275891706071,-5.00091408392384196,-5.00065637306995114,4.99991771110885352,0.00000129752418951449379,0.0000500592784360744792,0.0000361086037387851962,0.0000656218511763419346,0.000031372829603350728,-0.00000257038303680214938,0.000129588729684325691,-0.0000269579731609716469,0.0000393856912520703712,-0.0000199940714916117354,-5.00063279766880519,-5.00154709255989171,5.00055064035444196,4.99935526994195722,4.99961300082820248,5.00076156385513926,5.00005834824183814,4.99954267101613503,-3.93314760392091012,5.00008178710937478,-0.00306049653507504092
4/23/2014 2:57:30.575 PM,314,3316.98865924209894,3320.96329767557927,3321.32917374753196,3319.39928207285993,3318.38208955464506,3319.95218078590505,3320.04437579482646,3320.04445661431054,3320.77919413845347,3317.26780813191771,3318.84513628985223,3318.10418222654743,3319.39928214044448,3318.65997191275028,3318.93747601095719,3318.84494629500022,3317.54704589483208,3321.14617354440088,3320.32037363184781,3319.21467632473331,3320.32025843805649,3319.1223237176523,3320.50377760038918,3320.41214109949078,3321.32917374753196,3320.22833665728967,3320.7795817989554,3319.95235407548443,3320.04423440927848,3319.49152042405876,3318.66001805454743,3319.76808353264914,3320.32894335642822,3320.5127196940316,3320.42080215238183,3320.9715348627019,3321.33821043692569,3320.32904425741026,3320.5127715049316,3321.33790101453132,3318.85391220737301,3320.60450019540439,3321.88635606670732,3320.87953507722841,3320.6046440203122,3319.77680768308573,18.0905409687219603,18.1280818938146915,17.8343169397397005,18.2329655018657632,18.232657018487906,18.0139068982300046,17.8159597569527079,18.0292886722108072,16.2630608402256165,16.3662549446058136,16.2454456224631372,16.5350284021073754,16.5278809567373521,16.4632963958431802,16.4828009921833498,16.755335878896247,17.5849809522524403,17.5562886447002064,17.3281166884428046,17.3538629767617891,17.44381730956799,17.35803476462209,17.3411564227595427,17.4353678004025632,3321.3614802170473,3321.81823960191877,3320.72017317232621,3322.36562324298893,3320.44465496642988,3320.53650192487839,5.00043335976624448,4.99987082841716201,0.611681532506288761,-5.00016405096516614,4.99982397048368288,4.99982397873487372,-0.00252712832136690706,-0.0023765152077441132,-0.00250554957654265057,-0.00244484353392035404,-0.00290893554687499979,-0.00225524303955190655,-0.00280176054343920416,-0.00271824456967613426,-0.0027041132749931634,-0.0026557910263821944,-0.00253294896938632049,-0.00272806657304029221,-0.00267941636912667758,-0.00278531732932793715,-0.00240925132003405552,-0.00261215266112461032,-0.00307092515294044152,-0.00293920291610342329,-0.00240958869190861661,-0.00232102234989373015,-0.00295224814839410276,-0.00265450695849510582,-0.00245738370003437817,-0.00243452389091164791,-4.6898505942867974,5.00029275891706071,-5.00091408392384196,-5.00065637306995114,4.99991771110885352,0.00000053274816722418815,0.0000501218277432356383,0.0000303159020483603646,0.0000657469497906642393,0.0000342131115595598951,-0.0000043521084890187135,0.0000988191514299109322,-0.000029324046683027482,0.000043874967284133874,-0.0000211884987425411604,-5.00063279766880519,-5.00154709255989171,5.00055064035444196,4.99935526994195722,4.99961300082820248,5.00076156385513926,5.00005834824183814,4.99954267101613503,-3.93256444033873409,5.00008178710937478,-0.00299717107627522515
4/23/2014 2:57:31.575 PM,315,3316.98885131630413,3320.96348630647844,3321.32936205553642,3319.39947207261866,3318.38228043490107,3319.95237030385351,3320.04456523221188,3320.04464605162593,3320.77938293144234,3317.26799996805493,3318.84532677023162,3318.10437334604648,3319.39947214020321,3318.6601625532221,3318.93766641140564,3318.84513677554377,3317.54723749226832,3321.14636201403527,3320.32056282767553,3319.21486648485597,3320.32044763398516,3319.12251395790508,3320.50396663538094,3320.41233021487505,3321.32936205553642,3320.22852593373363,3320.77977059160321,3319.95254359328191,3320.04442384678759,3319.49171034359687,3318.66020869497924,3319.76827321127802,3320.32937431842083,3320.51315028886665,3320.42123293092709,3320.97196453835067,3321.33863937535352,3320.32947521920095,3320.51320209966343,3321.33832995358216,3318.85434609540061,3320.60493060665794,3321.88678389867391,3320.8799649374805,3320.60507443127789,3319.77723974468062,18.0874082959860765,18.1231978453725126,17.8199992355916734,18.2263342305917959,17.2635884968614199,18.0040804680683877,17.7958657616822897,18.021367586679986,16.2781951095518984,16.3754544359238885,16.238423801931745,16.5337190634728124,16.5248955279430127,16.4638906159859637,16.4812623043683288,16.7547877714890134,17.5858552232322545,17.5518362009956235,17.3248807194132084,17.3604453446547673,17.4553477594679371,17.3545706796471251,17.3472058369912645,17.4351769306144391,3321.36143469440003,3321.81819417708402,3320.72012751299962,3322.3655779358869,3320.4446092486155,3320.5364562265463,5.00043335976624448,4.99987082841716201,0.610612246691561333,-5.00016405096516614,4.99982397048368288,4.99982397873487372,-0.00250530774158769362,-0.00235988234800068751,-0.00248479665062424811,-0.00242943107327859035,-0.00289138793945312471,-0.00222838945894429305,-0.00277780761299192304,-0.0026956589151072392,-0.00268213804352072536,-0.00263717574002171823,-0.00251936673711928259,-0.00271280671101874378,-0.00267239699712486494,-0.00277585643662984182,-0.00239185996899091624,-0.00259185704463595111,-0.00306497380675203749,-0.0029207367517327062,-0.00237738962832453058,-0.00228897288358754798,-0.00294522894091267746,-0.00264870902631846213,-0.00243342515509266518,-0.00242307872613057489,-4.69370531370645061,5.00029275891706071,-5.00091408392384196,-5.00065637306995114,4.99991771110885352,-0.0000153810043924094172,0.0000498640025503030633,0.0000288337641454875037,0.0000660673242907579734,0.0000322076679859656728,-0.00000595993265565934557,0.0000799746542428504508,-0.0000305376134249851536,0.0000423276777203975051,-0.0000208559506701240292,-5.00063279766880519,-5.00154709255989171,5.00055064035444196,4.99935526994195722,4.99961300082820248,5.00076156385513926,5.00005834824183814,4.99954267101613503,-3.9317192956287208,5.00008178710937478,-0.00297962305757166167
4/23/2014 2:57:32.575 PM,316,3316.98906325692496,3320.96369444727497,3321.32956984000611,3319.39968172400586,3318.38249105795239,3319.9525794235451,3320.04477426299854,3320.04485508233438,3320.77959125111101,3317.26821164595912,3318.84553695200293,3318.10458423311138,3319.39968179159041,3318.66037291166139,3318.93787650497051,3318.84534695749653,3317.54744890675556,3321.14656997687006,3320.32077159189339,3319.21507631321128,3320.32065639831489,3319.12272387468783,3320.50417522211091,3320.41253889032032,3321.32956984000611,3320.22873478691417,3320.7799789108958,3319.95275271280616,3320.04463287771068,3319.49191990645749,3318.66041905337442,3319.76848250828607,3320.32949838283548,3320.51327424758301,3320.42135694253056,3320.97208823244773,3321.3387628572168,3320.32959928355831,3320.51332605834977,3321.33845343562461,3318.8544710021747,3320.60505451252447,3321.88690706200441,3320.88008868472206,3320.60519833706121,3319.77736412565354,18.0749673063131588,18.1117400677346367,17.8092250490422579,18.2199754234698332,16.6349538276434572,17.9958950223908154,17.7755117123895871,18.0043675121855848,16.2750268381789631,16.355532093942962,16.2479728990055463,16.5585659683798347,16.5204313447722697,16.4639194207051034,16.4723787759767823,16.7439291473874654,17.5814739873729202,17.5538473778372683,17.3227054688290387,17.3547699828587376,17.4412230547104663,17.3518626280987291,17.3397803018897178,17.4317852533991058,3321.36209799638072,3321.81885605342404,3320.72079280712523,3322.36623809623734,3320.44527539522187,3320.53712208919387,5.00043335976624448,4.99987082841716201,0.608432478262737719,-5.00016405096516614,4.99982397048368288,4.99982397873487372,-0.00252087207122041928,-0.00235423633139053394,-0.002499903559932497,-0.00242882067879772803,-0.00290130615234374979,-0.00223189873368278766,-0.00279809894897592535,-0.00270908822322928501,-0.00269800904402859709,-0.00264526270868651508,-0.00252547111117188382,-0.00272013144478908684,-0.00267987415425723075,-0.00280088202376673921,-0.00240665787294867513,-0.00260406493425318969,-0.00308603241634177426,-0.00295400637018573354,-0.00241599798418601743,-0.00232300636447458925,-0.00296048808761142836,-0.00265282860970713014,-0.00245814671101978301,-0.00242979322280213782,-4.69668190685615538,5.00029275891706071,-5.00091408392384196,-5.00065637306995114,4.99991771110885352,-0.00000479626000406414867,0.0000500867391075110894,0.000035533149578761439,0.0000656355815120602296,0.0000293292307106241923,-0.0000037968447350745105,0.000123552935517268333,-0.0000275533077891018247,0.0000364040306923653828,-0.0000199666133938892179,-5.00063279766880519,-5.00154709255989171,5.00055064035444196,4.99935526994195722,4.99961300082820248,5.00076156385513926,5.00005834824183814,4.99954267101613503,-3.93090176803235813,5.00008178710937478,-0.00301761833285155113
4/23/2014 2:57:33.575 PM,317,3316.98971233020256,3320.964331884074,3321.33020618559976,3319.40032378679643,3318.38313609633905,3319.95321985808368,3320.04541442527852,3320.04549524437561,3320.78022923568369,3317.26885991469907,3318.84618063902644,3318.105230080007,3319.40032385438098,3318.66101713970829,3318.93851992187228,3318.84599064507574,3317.54809636881555,3321.14720686868395,3320.32141093784048,3319.21571891794337,3320.32129574460304,3319.12336675021697,3320.50481402452214,3320.41317796441308,3321.33020618559976,3320.22937440529904,3320.7806168943157,3319.9533931468336,3320.04527304040812,3319.4925616981468,3318.66106328128717,3319.76912348583528,3320.32974651013182,3320.51352216347413,3320.42160496420001,3320.97233561908251,3321.33900981936813,3320.32984741073869,3320.51357397418132,3321.33870039813473,3318.85472081424814,3320.60530232271185,3321.88715338706833,3320.88033617764949,3320.60544614708305,3319.77761288608826,18.0719080420164246,18.1127109321093904,17.8025119162269583,18.2197293645045306,16.813828415471427,17.9838598859337111,17.7808178384692717,18.011267884248074,16.2758465280840987,16.3593980782602841,16.2404154003899634,16.5373083195445289,16.5165291372421379,16.4568185206832496,16.4620006977082376,16.7342417326330164,17.58271529973468,17.5452720771015649,17.3112345807986898,17.3450522661836217,17.4359947846111645,17.3418386956166941,17.3227566110584377,17.4332544117778383,3321.36221504869354,3321.8189728541397,3320.72091021101096,3322.36635459411536,3320.44539294955393,3320.53723959341277,5.00043335976624448,4.99987082841716201,0.606779418542880866,-5.00016405096516614,4.99982397048368288,4.99982397873487372,-0.00252682313843293188,-0.0023817034392237136,-0.00251562084941481636,-0.00244255455461712175,-0.00290756225585937474,-0.00223189873368278766,-0.00279306425658891727,-0.00271381900222682345,-0.00271189616947298522,-0.00264739888908853719,-0.00254775207646387811,-0.00273401791922869581,-0.00268490979069331386,-0.00279599898237417382,-0.00242465944683543325,-0.00261322085146611883,-0.00308191225359595632,-0.00294210256174841194,-0.00238746137333187497,-0.00234437267534537766,-0.00296567619748900344,-0.00266259354810989861,-0.00246364039011469837,-0.002440475376597806,-4.70005871677620757,5.00029275891706071,-5.00091408392384196,-5.00065637306995114,4.99991771110885352,0.00000176921239487917319,0.0000498487466217271725,0.0000359162768842414458,0.000065432677662000875,0.0000219866210968024197,-0.00000569145347792808317,0.0000689835570010939299,-0.0000310856265826742122,0.00003907898000718772,-0.0000209840884594957685,-5.00063279766880519,-5.00154709255989171,5.00055064035444196,4.99935526994195722,4.99961300082820248,5.00076156385513926,5.00005834824183814,4.99954267101613503,-3.93062559689584878,5.00008178710937478,-0.00300846284483230085
4/23/2014 2:57:34.575 PM,318,3316.99041438527683,3320.96502135239552,3321.33089447360498,3319.40101825888359,3318.38383378701974,3319.95391256895118,3320.046106841653,3320.04618766049179,3320.78091929651236,3317.26956109953471,3318.84687686798724,3318.10592864522232,3319.40101832646769,3318.66171395387436,3318.93921585865246,3318.84668687463727,3317.5487966810947,3321.14789574751557,3320.32210247121793,3319.21641397622943,3320.32198727834929,3319.12406210141398,3320.50550496997721,3320.41386920373497,3321.33089447360498,3320.23006623336186,3320.78130695389745,3319.95408585714722,3320.04596545723461,3319.49325587699331,3318.66176009530727,3319.76981678405718,3320.33036683166847,3320.51414195651477,3320.4222250216776,3320.97295408902027,3321.33962722813021,3320.3304677319852,3320.51419376707281,3321.33931780779357,3318.85534534760017,3320.60592185150017,3321.88776920316013,3320.88095491331114,3320.60606567545755,3319.77823479042308,18.0753992339750198,18.1002279318507142,17.8098089013686334,18.2218520310887904,17.2960658258558162,17.9762471129278864,17.7613403083750789,18.0010743638959134,16.2729474031245154,16.3549747359427506,16.2383522335700512,16.5373779739545625,16.509896494791267,16.459401205863255,16.4642790871888849,16.7407828967450882,17.5763385550239981,17.5384390485046211,17.3117066534273469,17.3376092843578355,17.425354328067435,17.3393420999574843,17.3241420507556754,17.4326613749407677,3321.36250117812142,3321.81925836857408,3320.72119719981174,3322.36663936830564,3320.44568030609798,3320.53752682746244,5.00043335976624448,4.99987082841716201,0.605960822881349337,-5.00016405096516614,4.99982397048368288,4.99982397873487372,-0.00251827801628163152,-0.00236613874478491196,-0.00250432881619450922,-0.00243645060980850247,-0.00290847778320312478,-0.00224242655789827277,-0.0027961155853083162,-0.00270283138649060444,-0.0027009085537367662,-0.00266708226565002399,-0.00253645898446656611,-0.00272470940339555141,-0.00268582536095441976,-0.00278226542845758399,-0.00241657399415748245,-0.00261688321835129058,-0.00309289935425147112,-0.00294546004617945133,-0.00238776657772603708,-0.00232743224315496659,-0.00296033549614444077,-0.00265115026091915403,-0.00245326344071319187,-0.0024325400623495955,-4.70310903406781921,5.00029275891706071,-5.00091408392384196,-5.00065637306995114,4.99991771110885352,0.000000944902909775849792,0.000049877732886021365,0.0000391568317429428733,0.0000653686027619821201,0.0000308569696886818942,-0.00000255817943781436477,0.000139357406919049862,-0.0000261855646434489006,0.0000410138549251539062,-0.0000196798288176762803,-5.00063279766880519,-5.00154709255989171,5.00055064035444196,4.99935526994195722,4.99961300082820248,5.00076156385513926,5.00005834824183814,4.99954267101613503,-3.93078824796298631,5.00008178710937478,-0.00300724211309640055
4/23/2014 2:57:35.575 PM,319,3316.99054022685641,3320.96514493800305,3321.33101784765949,3319.4011427413352,3318.38395884635247,3319.95403673573264,3320.04623095565148,3320.04631177444389,3320.78104298831704,3317.26968678513822,3318.84700166533002,3318.106053861301,3319.40114280891975,3318.66183885610598,3318.93934060362698,3318.84681167208782,3317.5489222103065,3321.14801922746664,3320.32222642695342,3319.21653856374769,3320.32211123415072,3319.12418674143191,3320.50562882033682,3320.4139931067657,3321.33101784765949,3320.23019024191489,3320.78143064547885,3319.95421002382954,3320.04608957131404,3319.49338030688659,3318.66188499751251,3319.7699410561122,3320.33054313229877,3320.51431810693384,3320.42240124725594,3320.97312986338465,3321.33980270088477,3320.33064403253274,3320.51436991744958,3321.33949328080325,3318.85552284532195,3320.60609792681316,3321.8879442232419,3320.88113076319996,3320.60624175065277,3319.77841154091947,18.0726591415143858,18.1014426464176203,17.8224353218640807,18.2182750920198728,20.0679720784454361,17.971528755243046,17.7614899105246309,18.0135395741531603,16.2628961277928496,16.3480423235042735,16.2299720823699651,16.5125572791518742,16.4977841609454003,16.4570374211164569,16.4553634935325981,16.7453486118237151,17.5709749711262155,17.5289663488070531,17.3167700324194165,17.3377246268216751,17.4262305678201237,17.3386202003265879,17.3177128141196874,17.4171778957143601,3321.3632620222711,3321.82001757739954,3320.72196032911097,3322.367396608754,3320.44644441326181,3320.53829060890257,5.00043335976624448,4.99987082841716201,0.605493620660359721,-5.00016405096516614,4.99982397048368288,4.99982397873487372,-0.00252544981523004442,-0.00236247646374048792,-0.00249517311358344934,-0.00245476244423436033,-0.00291091918945312472,-0.00226638117241756421,-0.00279321682302488723,-0.00270908822322928501,-0.00270136637105910854,-0.0026507557440059999,-0.00253523810965604552,-0.00273539130681063527,-0.0026937603032173383,-0.00281492076777036405,-0.00241001409858857896,-0.00260635391355642197,-0.00308343823979811103,-0.00292913046281030468,-0.00237906825249242131,-0.00232178543242482971,-0.00296262436814925334,-0.00267846157301439725,-0.00245326344071319187,-0.00242735158764884225,-4.70607341617952723,5.00029275891706071,-5.00091408392384196,-5.00065637306995114,4.99991771110885352,0.00000411086193219120612,0.0000502194656861213463,0.0000362887193644690232,0.0000654433568120039918,0.0000350342140272872095,-0.00000404854396419756969,0.000114113899632755115,-0.0000277456466689592659,0.0000314234062978530554,-0.0000205722169936580331,-5.00063279766880519,-5.00154709255989171,5.00055064035444196,4.99935526994195722,4.99961300082820248,5.00076156385513926,5.00005834824183814,4.99954267101613503,-3.93011277303407658,5.00008178710937478,-0.00302463754033297644
4/23/2014 2:57:36.575 PM,320,3316.99069918504255,3320.96530104657767,3321.33117368901321,3319.40129998275097,3318.38411681645038,3319.95419357841228,3320.04638773165834,3320.04646855039254,3320.78119923103395,3317.26984554630416,3318.84715930449783,3318.10621202939137,3319.40130005033506,3318.66199662776262,3318.93949817664543,3318.8469693113916,3317.54908077392792,3321.14817520258157,3320.32238300305198,3319.21669593787737,3320.32226781033296,3319.12434418187604,3320.50578526333083,3320.41414961629107,3321.33117368901321,3320.23034688472989,3320.78158688791336,3319.95436686638368,3320.04624634742322,3319.49353748191333,3318.6620427691364,3319.77009803176724,3320.33036683166847,3320.51414195651432,3320.42222502167715,3320.97295408902027,3321.33962722812975,3320.33046773198475,3320.51419376707235,3321.33931780779357,3318.85534534759972,3320.60592185149971,3321.88776920315967,3320.88095491331068,3320.6060656754571,3319.77823479042263,18.0750952024651674,18.0980219342446062,17.8133846948289687,18.2245138400613413,22.1016464380196744,17.9813432912895692,17.7712279413243017,18.0207644137078979,16.2560473066531976,16.3467504226318709,16.2178654532771027,16.5125602428124232,16.4933693675209341,16.4452348412137823,16.4479770635520381,16.7339306036562014,17.5667511078026308,17.5286992350765693,17.3003647868993156,17.3260419147475701,17.4181239294739853,17.3220635352058707,17.3019202279846453,17.4050401992034835,3321.36321650168838,3321.81997215465708,3320.72191467180982,3322.36735130377746,3320.4463986974556,3320.53824491258456,5.00043335976624448,4.99987082841716201,0.604329734787822481,-5.00016405096516614,4.99982397048368288,4.99982397873487372,-0.00251782024188066918,-0.00237956710861446635,-0.00251348451880556911,-0.00243797659601065718,-0.00290100097656249964,-0.00223388223679585026,-0.00279870921471980522,-0.00271168252138922561,-0.00270930187131304462,-0.00264465237142879478,-0.00254180031176259175,-0.00274653100608636576,-0.00269177656765160877,-0.00281141108176945773,-0.0024184046626883394,-0.00260726950527771523,-0.00309320455149190207,-0.00293019875331109033,-0.00239783832273338148,-0.00234132034522097901,-0.00295819921560661579,-0.00268380177370341165,-0.00247722198565490529,-0.00243681292386786286,-4.70882639469591524,5.00029275891706071,-5.00091408392384196,-5.00065637306995114,4.99991771110885352,-0.00000362848823350110729,0.0000497663646074173553,0.0000401947861960361247,0.000065328937347684804,0.0000452430512143281279,0.000000817641132181573935,0.000203042284438974854,-0.0000219831127684684416,0.0000303888280688458955,-0.0000192130411563935132,-5.00063279766880519,-5.00154709255989171,5.00055064035444196,4.99935526994195722,4.99961300082820248,5.00076156385513926,5.00005834824183814,4.99954267101613503,-3.92929875479469714,5.00008178710937478,-0.00302784196113971412
4/23/2014 2:57:37.575 PM,321,3316.99114956052017,3320.96574334758406,3321.33161523283979,3319.40174549370067,3318.38456439214542,3319.95463795952946,3320.04683192385709,3320.04691274242532,3320.78164191213636,3317.27029536351892,3318.8476059424911,3318.10666016610503,3319.40174556128431,3318.66244364116892,3318.93994462720365,3318.84741594977049,3317.5495300313928,3321.14861712542688,3320.32282662880288,3319.2171418248763,3320.32271143632033,3319.1247902567793,3320.50622851192656,3320.41459305340367,3321.33161523283979,3320.23079069952291,3320.78202956821633,3319.95481124714615,3320.04669053991165,3319.49398280474724,3318.66248978244902,3319.7705427896758,3320.33092838533821,3320.51470303175301,3320.42278633630258,3320.97351396649628,3321.34018614495698,3320.3310292853921,3320.51475484217599,3321.33987672543253,3318.85591071409271,3320.60648268751992,3321.88832667819315,3320.88151503133804,3320.60662651110169,3319.77879777694897,18.0707806350150264,18.1038992757384065,17.8215446001699718,18.2347996981483433,22.5306699856434385,17.9952816078918829,17.7737575774458634,18.0375849013781213,16.244724032054318,16.3286463892896627,16.2240539787900637,16.5158534795902376,16.4838690038927069,16.4327635211838405,16.4334463057962701,16.7106515639917035,17.5629939164024051,17.525322686952876,17.2970629859754545,17.3094223492528378,17.4027201586726647,17.3139659327797588,17.2830175739464238,17.4007506313271811,3321.36380826691038,3321.82056264792709,3320.72250821441684,3322.36794026604775,3320.44699300064348,3320.53883896242496,5.00043335976624448,4.99987082841716201,0.603247174448854006,-5.00016405096516614,4.99982397048368288,4.99982397873487372,-0.00251736246747970641,-0.00236491798443677062,-0.00249273159288716665,-0.00243080446086052938,-0.00289154052734375,-0.00222838945894429305,-0.00279428478807667701,-0.00271015646364808393,-0.00270060334218853769,-0.00265899529698522714,-0.00252318197090215836,-0.00272715098131899939,-0.00268078972451833665,-0.00278119726315296037,-0.00241398054707210206,-0.00260971108320116278,-0.00305902246056363389,-0.00293905030317473956,-0.00241599798418601743,-0.00232987410725448525,-0.00296369250841816605,-0.00266427189689787429,-0.00246699763845047984,-0.00244429043152483063,-4.71098057443653406,5.00029275891706071,-5.00091408392384196,-5.00065637306995114,4.99991771110885352,0.00000822019736533592158,0.0000493941199501655925,0.0000352812929835255799,0.0000654113193619946143,0.0000420960004922951812,0.000000941202571932893808,0.000194872978199718723,-0.0000231646230304498702,0.0000301355242546642016,-0.0000183572637773751126,-5.00063279766880519,-5.00154709255989171,5.00055064035444196,4.99935526994195722,4.99961300082820248,5.00076156385513926,5.00005834824183814,4.99954267101613503,-3.92825967996617375,5.00008178710937478,-0.0030597335777401034
4/23/2014 2:57:38.575 PM,322,3316.99178538378601,3320.96636777150934,3321.33223858779683,3319.40237444934473,3318.38519626274683,3319.95526532010399,3320.04745901772094,3320.04753983605542,3320.7822668726726,3317.27093039864303,3318.84823648926885,3318.10729282873899,3319.40237451692883,3318.66307471794425,3318.94057490936484,3318.84804649709258,3317.5501642762756,3321.1492410154733,3320.32345292296986,3319.21777131141834,3320.32333773082155,3319.12542000860003,3320.50685427363487,3320.41521908125651,3321.33223858779683,3320.2314172605761,3320.78265452762343,3319.95543860721954,3320.04731763418476,3319.49461149481521,3318.66312085909294,3319.77117068219468,3320.33113733517802,3320.51491180357015,3320.42299519719472,3320.9737222926301,3321.34039411363619,3320.33123823513415,3320.51496361394311,3321.34008469441414,3318.8561210826715,3320.60669137032437,3321.88853411038553,3320.88172344697977,3320.60683519376698,3319.77900725995004,18.082971769403791,18.1077277977024629,17.8171570582395908,18.241440750313739,22.8821529714381171,17.9927206202635759,17.7814644842321314,18.0393583330787663,16.2515240968279642,16.3285946169890721,16.2124266115920221,16.5323223192989346,16.4772677825038336,16.4371298853957519,16.4338521863868046,16.7078594627498802,17.5585208219887434,17.5107285667514745,17.2917506812484341,17.3150707898142855,17.4044113535151013,17.3086541865968364,17.2786200226485178,17.3794604631154215,3321.36382777810922,3321.82058211722642,3320.72252778416395,3322.36795968491469,3320.4470125954449,3320.53885854888085,5.00043335976624448,4.99987082841716201,0.601403388805993533,-5.00016405096516614,4.99982397048368288,4.99982397873487372,-0.00252651795549895713,-0.00238094046400612542,-0.00251104299810928642,-0.00244850590080552578,-0.00291687011718749995,-0.00224410490668624845,-0.00280313364136293344,-0.00271061428097042626,-0.00270014552486619536,-0.00265792720678421609,-0.00253767985927708627,-0.00273981666679688459,-0.00268094231956185437,-0.00279325227159085568,-0.00240955643145586472,-0.00262436055074184932,-0.00312219828933284422,-0.00294897014353917445,-0.00240180597985748673,-0.00231033919445833595,-0.00296308214255021612,-0.00266427189689787429,-0.00247294912413663793,-0.00242582556567803257,-4.71214443899560731,5.00029275891706071,-5.00091408392384196,-5.00065637306995114,4.99991771110885352,0.0000133980821310219824,0.000049502437043054424,0.0000370732908187189217,0.0000654250496977129228,0.0000210266332674334955,-0.00000414617275609984662,0.0000778365638185654082,-0.0000306353093639603598,0.0000359035267703678162,-0.000021225109539504516,-5.00063279766880519,-5.00154709255989171,5.00055064035444196,4.99935526994195722,4.99961300082820248,5.00076156385513926,5.00005834824183814,4.99954267101613503,-3.9278516790716842,5.00008178710937478,-0.00297931787463768692
4/23/2014 2:57:39.575 PM,323,3316.99189135392271,3320.96647184171706,3321.33234247984,3319.40247927485461,3318.38530157409286,3319.95536987976311,3320.04756353292759,3320.04764435122297,3320.78237103231686,3317.27103623741959,3318.84834157997284,3318.10739827209272,3319.40247934243825,3318.66317989698336,3318.94067995596469,3318.84815158788706,3317.55026998334324,3321.14934499669925,3320.32355730489098,3319.21787622541296,3320.3234421127986,3319.12552496680837,3320.50695856681068,3320.4153234187911,3321.33234247984,3320.23152168697879,3320.78275868707987,3319.95554316679545,3320.04742214945963,3319.4947162760609,3318.66322603810931,3319.77127533051316,3320.33154217582841,3320.51531629930332,3320.42339986550996,3320.97412592485534,3321.34079705329759,3320.33164307559536,3320.51536810957895,3321.34048763466034,3318.85652867211592,3320.60709569359642,3321.88893601060817,3320.88212725262656,3320.60723951676891,3319.77941313359588,18.0871166376240069,18.1067775322760767,17.8213803149180556,18.2334947833363152,20.7718136247586571,17.9904018643559844,17.7839371048243358,18.0400054396234815,16.250802384961851,16.3403612358114714,16.2053063017663916,16.5020620059461152,16.4785252468421177,16.4268102159026519,16.4322912788659465,16.7231263409525326,17.5482467169943206,17.5082167708027647,17.287258418962633,17.3044150600709976,17.3948197231278776,17.3014218415525711,17.2827288853152545,17.376948570456058,3321.36445205970312,3321.8212050570055,3320.72315394076713,3322.36858100960216,3320.44763955440476,3320.53948524057841,5.00043335976624448,4.99987082841716201,0.600063729922816091,-5.00016405096516614,4.99982397048368288,4.99982397873487372,-0.00250774920505949378,-0.00235255778591183986,-0.00248418627045017765,-0.00242088555054652309,-0.00288604736328124979,-0.00221648844026591874,-0.00277597681576028385,-0.00269260679962495626,-0.00268351149548775279,-0.00264419461848550445,-0.0025100575666890659,-0.00271738466962520835,-0.00266507243503601729,-0.00277372010602059457,-0.0023955213060526297,-0.00259902917978607892,-0.00304727236680704151,-0.0029207367517327062,-0.00236182420422227082,-0.00231232320903919505,-0.00294065119690305231,-0.00264779356334320266,-0.00244975359018032935,-0.00241666943385317407,-4.71288015403491744,5.00029275891706071,-5.00091408392384196,-5.00065637306995114,4.99991771110885352,0.0000129401324170756919,0.0000499143471146035097,0.0000417837723514332936,0.0000653853842834156067,-0.00000161778553120995482,-0.0000158829840826017685,-0.000105936962806688553,-0.0000444898147098821454,0.000040917721549892177,-0.0000252431445062326216,-5.00063279766880519,-5.00154709255989171,5.00055064035444196,4.99935526994195722,4.99961300082820248,5.00076156385513926,5.00005834824183814,4.99954267101613503,-3.9272857571129478,5.00008178710937478,-0.00298923631999187473
